0.565306
0.531255
0.556294
0.390261
0.827909
0.952081
0.772509
0.849704
0.112261
0.112261
-0.437022
-0.32064
-0.179551
-0.341754
-0.61088
-0.0741437
-0.279167
-0.851085
-0.869116
-0.451448
-0.187942
-0.249557
-0.204933
-0.85445
-0.621125
-0.829021
-0.0602198
-0.281271
-0.119666
-0.28617
-0.590067
-0.956109
-0.44334
-0.243999
-0.0808257
-0.552054
-0.772936
-0.825304
-0.829945
-0.363181
-0.238061
0.370207
-0.123727
-0.148604
-0.714522
-0.436457
-0.369906
-0.226138
-0.715393
-0.098313
-0.00697994
0.148544
0.855655
0.62281
-0.191629
-0.920398
-0.457673
0.004556
-0.0385208
0.276332
-0.509942
-0.369283
-0.927239
-0.605656
-0.852677
-0.730532
-0.407652
-0.898282
-0.656393
-0.877167
-0.935112
-0.890733
-0.825816
-0.867002
-0.982827
-0.814971
-0.418108
-0.713902
-0.565297
-0.618858
-0.945672
-0.290999
-0.922921
-0.843303
-0.904466
-0.966487
-0.726561
-0.162116
0.0657241
0.197875
0.0956766
0.21734
-0.391791
0.1513
-0.00989812
-0.00989812
0.774469
0.0792479
-0.117196
-0.373592
0.121905
0.536985
0.300073
0.831064
0.863126
0.875663
0.332617
0.424229
0.696327
0.273257
0.337694
-0.399154
-0.477374
-0.200668
0.251661
0.210601
-0.56109
-0.804549
-0.589468
-0.964033
-0.635913
-0.611469
-0.403576
-0.0139869
0.0495666
-0.0370389
0.208483
-0.130764
-0.523419
-0.692642
-0.964069
-0.365103
-0.237624
0.376616
0.336873
0.968716
0.817257
0.587105
0.403406
-0.308015
0.323673
0.672112
0.195126
-0.199484
-0.28938
-0.61508
0.230711
0.328045
0.683031
0.970355
0.912675
0.934623
0.633024
0.678578
0.644391
0.128089
0.611959
0.457856
0.588655
-0.230635
-0.158786
-0.158786
-0.507819
-0.610275
-0.148963
0.288434
0.0747828
-0.0552624
-0.298694
-0.0140576
-0.378359
-0.00525529
0.010302
-0.199444
-0.653215
-0.257405
-0.184368
0.222218
0.06402
0.794233
0.531197
0.858337
0.282762
0.0887164
-0.189955
-0.517935
-0.550514
-0.816441
-0.211637
0.234298
0.0515664
0.0171385
-0.0501977
0.620149
0.579248
0.794369
0.482978
-0.0673835
0.317344
0.0947068
0.861437
0.980409
0.601684
-0.0957546
-0.435317
-0.360393
-0.714066
-0.989422
-0.989422
-0.732473
-0.522128
-0.982439
-0.913127
-0.62554
-0.939163
-0.726347
-0.796036
-0.52836
-0.885574
-0.350539
-0.567973
-0.269522
0.0440707
0.00315837
0.0578228
0.136277
0.476286
-0.22163
-0.928531
-0.928531
-0.413925
-0.523454
-0.523454
-0.523454
-0.343813
-0.428561
0.115871
0.373187
-0.2006
-0.495074
0.0243446
-0.0550613
-0.00262329
-0.38152
-0.714785
0.00293313
-0.020154
-0.00428607
0.0941336
-0.610034
-0.953259
-0.796685
-0.17408
0.515664
0.210748
-0.452321
-0.452321
-0.895463
-0.624849
-0.624849
-0.921351
-0.289802
-0.797873
-0.299255
-0.299255
0.110357
-0.510947
-0.510947
-0.17376
-0.463671
0.115855
0.411146
0.196963
0.160374
-0.429182
-0.567022
-0.513973
-0.584839
-0.837229
-0.655968
-0.505807
-0.00344711
0.119972
-0.417142
0.0619289
0.277091
0.138502
-0.0783312
0.274759
0.00470477
-0.0280584
-0.0910315
0.326039
-0.04854
-0.0673283
-0.0507753
0.00644634
-0.200473
-0.419039
-0.472775
-0.239828
-0.20956
-0.634357
-0.161731
0.496585
0.43208
-0.0819034
-0.22691
0.00378317
0.0723885
0.407251
-0.303903
-0.460801
0.119483
0.0129373
-0.105766
-0.447462
-0.0952975
-0.300948
0.0596797
-0.335181
0.350797
0.00413692
0.0366131
-0.135785
-0.173737
0.149309
0.310914
-0.176446
-0.400857
0.0811414
0.198665
0.189966
0.189966
0.659388
0.116476
-0.374771
-0.485565
-0.485565
-0.147229
0.278744
0.0071482
-0.133527
-0.133527
-0.234566
-0.156019
0.01892
0.0189691
-0.0832446
-0.0832446
-0.762493
0.025303
0.511805
0.331345
0.318879
0.257782
0.275291
0.162905
-0.447955
-0.652687
-0.390248
-0.390248
-0.787788
-0.273965
-0.0092803
-0.222032
-0.744121
-0.232641
-0.376498
-0.966982
-0.891591
-0.901028
-0.260456
-0.593736
-0.169866
-0.169866
0.034677
-0.436916
-0.0693381
-0.0693381
-0.178833
-0.740921
-0.740921
-0.498816
0.00238718
-0.154841
-0.664152
-0.84155
-0.84155
-0.84155
-0.786928
-0.786928
-0.879823
-0.879823
-0.37982
0.342065
0.029054
-0.0800124
-0.472248
0.0202046
0.00136132
0.00136132
0.311851
0.424323
0.923585
0.941003
0.785906
0.309532
0.0619376
0.068093
0.0040754
0.015935
0.15299
0.148962
0.0624427
0.277054
0.277054
0.277054
-0.326315
-0.485188
-0.430889
-0.830667
-0.830667
-0.300327
-0.654778
-0.793742
-0.76973
-0.82829
-0.906886
-0.681074
-0.681074
-0.463232
-0.590265
-0.78367
-0.693956
-0.693956
-0.916303
-0.480756
-0.480756
-0.480756
-0.284051
-0.442701
-0.442701
-0.833104
-0.586828
-0.343304
-0.298416
-0.823828
-0.841642
-0.0978498
-0.748988
-0.389227
-0.418217
-0.362512
-0.0325537
-0.268661
-0.238411
-0.902856
-0.691985
-0.0622675
-0.0956518
-0.143418
0.214178
0.0339174
0.0242658
-0.0254651
-0.315055
-0.315055
-0.281544
0.0322892
0.125072
-0.0676108
0.462647
0.105409
-0.0857591
0.469445
0.690575
0.764224
0.639982
0.286455
0.414872
0.495631
-0.0137948
0.125331
0.125331
0.372462
0.221302
0.027412
-0.451556
-0.477597
-0.695877
-0.753952
-0.693497
-0.399864
-0.407772
-0.407772
-0.341323
-0.243713
0.00909872
-0.0245268
-0.0245268
0.376334
0.376334
0.294063
0.294063
0.203205
-0.18961
-0.939182
-0.879994
-0.989198
-0.989198
-0.989198
-0.736711
-0.869306
-0.953931
-0.953931
-0.953931
-0.717267
-0.769836
-0.881543
-0.782245
-0.734712
-0.734712
-0.734712
-0.734712
-0.734712
-0.734712
-0.734712
-0.734712
-0.734712
-0.660932
-0.660932
-0.660932
-0.968183
-0.964006
-0.964006
-0.964006
-0.964006
-0.783159
-0.783159
-0.659977
-0.659977
-0.659977
-0.979476
-0.979476
-0.870477
-0.860506
-0.680669
-0.620628
-0.585626
-0.560877
-0.560877
-0.67871
-0.67871
-0.67871
-0.923139
-0.889203
-0.938116
-0.554029
-0.554029
-0.403869
-0.324951
-0.324951
-0.403304
-0.403304
-0.403304
-0.403304
-0.577135
-0.577135
-0.577135
-0.577135
0.141571
0.141571
0.17458
-0.522799
-0.98037
-0.870417
-0.897109
-0.647675
-0.647675
-0.647675
-0.87468
-0.994331
-0.994331
-0.994331
-0.994331
-0.994331
-0.924479
-0.983947
-0.983947
-0.752004
-0.709827
-0.576886
-0.597919
-0.979255
-0.920714
-0.565112
-0.565112
-0.565112
-0.565112
-0.509273
-0.668026
-0.574874
-0.574874
-0.808271
-0.967507
-0.967507
-0.556248
-0.904446
-0.904446
-0.904446
-0.904446
-0.934209
-0.893058
-0.893058
-0.869234
-0.928223
-0.928223
-0.928223
-0.928223
-0.513985
-0.710577
-0.662886
-0.680065
-0.721767
-0.721767
-0.721767
-0.72904
-0.72904
-0.72904
-0.72904
-0.856392
-0.856392
-0.856392
-0.856392
-0.856392
-0.923588
-0.923588
-0.923588
-0.923588
-0.923588
-0.768998
-0.768998
-0.768998
-0.711864
-0.711864
-0.702613
-0.702613
-0.679596
-0.531902
-0.795017
-0.795017
-0.871732
-0.871732
-0.871732
-0.871732
-0.905286
-0.905286
-0.905286
-0.894937
-0.894937
-0.894937
-0.894937
-0.845917
-0.984349
-0.984349
-0.984349
-0.831617
-0.841046
-0.875924
-0.875924
-0.875924
-0.875924
-0.875924
-0.845435
-0.871468
-0.997421
-0.997421
-0.997421
-0.997421
-0.997421
-0.462111
-0.462111
-0.733677
-0.733677
-0.733677
-0.733677
-0.776295
-0.776295
-0.967856
-0.967856
-0.990624
-0.944254
-0.944254
-0.944254
-0.944254
-0.944254
-0.944254
-0.767457
-0.767457
-0.767457
-0.835766
-0.674424
-0.690105
-0.94835
-0.94835
-0.94835
-0.94835
-0.94835
-0.94835
-0.817869
-0.986265
-0.986265
-0.986265
-0.986265
-0.986265
-0.986265
-0.986265
-0.912756
-0.846265
-0.846265
-0.846265
-0.782961
-0.990818
-0.984358
-0.984358
-0.998486
-0.998486
-0.944842
-0.944842
-0.944842
-0.944842
-0.944842
-0.944842
-0.944842
-0.944842
-0.944842
-0.944842
-0.944842
-0.944842
-0.944842
-0.944842
-0.944842
-0.990341
-0.990341
-0.990341
-0.990341
-0.990341
-0.956384
-0.956384
-0.956384
-0.956384
-0.956384
-0.956384
-0.879266
-0.879266
-0.879266
-0.879266
-0.879266
-0.879266
-0.879266
-0.879266
-0.999174
-0.999174
-0.999174
-0.840869
-0.840869
-0.840869
-0.897281
-0.897281
-0.897281
-0.897281
-0.918542
-0.918542
-0.918542
-0.918542
-0.918542
-0.883355
-0.899857
-0.974226
-0.974226
-0.974226
-0.974226
-0.974226
-0.99956
-0.99956
-0.99956
-0.99956
-0.99956
-0.99956
-0.99956
-0.99956
-0.99956
-0.99956
-0.99956
-0.99956
-0.99956
-0.99956
-0.99956
-0.99956
-0.99956
-0.99956
-0.99956
-0.99956
-0.99956
-0.99956
-0.99956
-0.99956
-0.99956
-0.99956
-0.99956
-0.99956
-0.99956
-0.99956
-0.99956
-0.99956
-0.99956
-0.99956
-0.99956
-0.99956
-0.99956
-0.99956
-0.99956
-0.99956
-0.99956
-0.99956
-0.99956
-0.99956
-0.99956
-0.99956
-0.99956
-0.99956
-0.99956
-0.99956
-0.947789
-0.947789
-0.947789
-0.947789
-0.947789
-0.947789
-0.970849
-0.978129
-0.978129
-0.978129
-0.978129
-0.945221
-0.900843
-0.900843
-0.900843
-0.978887
-0.978887
-0.978887
-0.978887
-0.978887
-0.978887
-0.978887
-0.978887
-0.978887
-0.978887
-0.978887
-0.978887
-0.978887
-0.978887
-0.986193
-0.986193
-0.986193
-0.997235
-0.997235
-0.997235
-0.997235
-0.997235
-0.997235
-0.997235
-0.997235
-0.997235
-0.997235
-0.997235
-0.997235
-0.997235
-0.993017
-0.993017
-0.993017
-0.993017
-0.993017
-0.993017
-0.993017
-0.993017
-0.993017
-0.993017
-0.993017
-0.993017
-0.993017
-0.993017
-0.993017
-0.993017
-0.993017
-0.993017
-0.995965
-0.995965
-0.995965
-0.995965
-0.995965
-0.995965
-0.995965
-0.966448
-0.966448
-0.966448
-0.966448
-0.966448
-0.966448
-0.966448
-0.966448
-0.966448
-0.966448
-0.966448
-0.966448
-0.966448
-0.966448
-0.966448
-0.966448
-0.966448
-0.966448
-0.966448
-0.966448
-0.966448
-0.966448
-0.966448
-0.966448
-0.975337
-0.975337
-0.975337
-0.975337
-0.975337
-0.975337
-0.975337
-0.975337
-0.975337
-0.975337
-0.975337
-0.975337
-0.975337
-0.978647
-0.978647
-0.978647
-0.978647
-0.978647
-0.978647
-0.978647
-0.978647
-0.978647
-0.978647
-0.978647
-0.978647
-0.978647
-0.978647
-0.978647
-0.978647
-0.978647
-0.978647
-0.978647
-0.978647
-0.978647
-0.978647
-0.978647
-0.978647
-0.978647
-0.978647
-0.978647
-0.978647
-0.978647
-0.978647
-0.978647
-0.978647
-0.978647
-0.986656
-0.986656
-0.986656
-0.986656
-0.986656
-0.986656
-0.986656
-0.986656
-0.997269
-0.997269
-0.997269
-0.997269
-0.997269
-0.997269
-0.997269
-0.997269
-0.997269
-0.997269
-0.997269
-0.997269
-0.997269
-0.997269
-0.997269
-0.997269
-0.997269
-0.997269
-0.997269
-0.997269
-0.997269
-0.997269
-0.997269
-0.997269
-0.997269
-0.997269
-0.997269
-0.997269
-0.997269
-0.997269
-0.997269
-0.997269
-0.997269
-0.997269
-0.997269
-0.997269
-0.997269
-0.997269
-0.997269
-0.997269
-0.997269
-0.997269
-0.997269
-0.997269
-0.997269
-0.997269
-0.997269
-0.997269
-0.997269
-0.991407
-0.991407
-0.991407
-0.991407
-0.991407
-0.991407
-0.991407
-0.991407
-0.991407
-0.991407
-0.991407
-0.991407
-0.991407
-0.991407
-0.991407
-0.991407
-0.991407
-0.991407
-0.991407
-0.991407
-0.982877
-0.982877
-0.982877
-0.982877
-0.982877
-0.982877
-0.982877
-0.982877
-0.982877
-0.982877
-0.982877
-0.982877
-0.982877
-0.982877
-0.982877
-0.982877
-0.982877
-0.982877
-0.982877
-0.982877
-0.982877
-0.982877
-0.982877
-0.982877
-0.982877
-0.982877
-0.982877
-0.982877
-0.982877
-0.984915
-0.984915
-0.984915
-0.984915
-0.984915
-0.984915
-0.984915
-0.984915
-0.984915
-0.984915
-0.984915
-0.984915
-0.984915
-0.984915
-0.984915
-0.984915
-0.984915
-0.984915
-0.984915
-0.984915
-0.984915
-0.984915
-0.984915
-0.991415
-0.991415
-0.991415
-0.991415
-0.991415
-0.991415
-0.991415
-0.991415
-0.991415
-0.991415
-0.991415
-0.991415
-0.991415
-0.991415
-0.991415
-0.991415
-0.98944
-0.98944
-0.98944
-0.98944
-0.98944
-0.98944
-0.98944
-0.98944
-0.98944
-0.98944
-0.98944
-0.98944
-0.98944
-0.98944
-0.98944
-0.98944
-0.98944
-0.98944
-0.98944
-0.98944
-0.98944
-0.98944
-0.98944
-0.98944
-0.98944
-0.98944
-0.98944
-0.98944
-0.98944
-0.98944
-0.98944
-0.99321
-0.99321
-0.99321
-0.99321
-0.99321
-0.99321
-0.99321
-0.99321
-0.99321
-0.99321
-0.99321
-0.99321
-0.99321
-0.99321
-0.99321
-0.99321
-0.99321
-0.99321
-0.99321
-0.99321
-0.99321
-0.99321
-0.99321
-0.99321
-0.99321
-0.99321
-0.99321
-0.99321
-0.99321
-0.99321
-0.99321
-0.99321
-0.99321
-0.99321
-0.99321
-0.99321
-0.99321
-0.99321
-0.99321
-0.99321
-0.99321
-0.99321
-0.99321
-0.99321
-0.99321
-0.99321
-0.99321
-0.99321
-0.99321
-0.99321
-0.99321
-0.99321
-0.99321
-0.99321
-0.99321
-0.99321
-0.99321
-0.99321
-0.99321
-0.99321
-0.99321
-0.99321
-0.99321
-0.99321
-0.99321
-0.99321
-0.99321
-0.99321
-0.99321
-0.99321
-0.99321
-0.99321
-0.99321
-0.99321
-0.99321
-0.99321
-0.99321
-0.99321
-0.99321
-0.99321
-0.99321
-0.99321
-0.99321
-0.99321
-0.99321
-0.99321
-0.99321
-0.99321
-0.99321
-0.99321
-0.99321
-0.99321
-0.99321
-0.99321
-0.99321
-0.99321
-0.99321
-0.99321
-0.99321
-0.99321
-0.99321
-0.99321
-0.99321
-0.99321
-0.99321
-0.99321
-0.99321
-0.99321
-0.99321
-0.99321
-0.99321
-0.99321
-0.99321
-0.99321
-0.99321
-0.99321
-0.99321
-0.99321
-0.99321
-0.99321
-0.99321
-0.99321
-0.99321
-0.99321
-0.99321
-0.99321
-0.99321
-0.99321
-0.99321
-0.99321
-0.99321
-0.99321
-0.99321
-0.99321
-0.99321
-0.99321
-0.99321
-0.99321
-0.99321
-0.99321
-0.99321
-0.99321
-0.99321
-0.99321
-0.99321
-0.99321
-0.99321
-0.99321
-0.99321
-0.99321
-0.99321
-0.99321
-0.99321
-0.99321
-0.99321
-0.99321
-0.99321
-0.99321
-0.99321
-0.99321
-0.99321
-0.99321
-0.99321
-0.99321
-0.99321
-0.99321
-0.99321
-0.99321
-0.99321
-0.99321
-0.99321
-0.99321
-0.99321
-0.99321
-0.99321
-0.99321
-0.99321
-0.99321
-0.99321
-0.99321
-0.99321
-0.99321
-0.99321
-0.99321
-0.99321
-0.99321
-0.99321
-0.99321
-0.99321
-0.99321
-0.99321
-0.99321
-0.99321
-0.99321
-0.99321
-0.99321
-0.99321
-0.99321
-0.99321
-0.99321
-0.99321
-0.99321
-0.99321
-0.99321
-0.99321
-0.99321
-0.99321
-0.99321
-0.99321
-0.99321
-0.99321
-0.993964
-0.993964
-0.993964
-0.993964
-0.993964
-0.993964
-0.993964
-0.993964
-0.993964
-0.993964
-0.993964
-0.993964
-0.993964
-0.993964
-0.993964
-0.993964
-0.993964
-0.993964
-0.993964
-0.993964
-0.993964
-0.993964
-0.993964
-0.993964
-0.993964
-0.993964
-0.993964
-0.993964
-0.993964
-0.993964
-0.993964
-0.993964
-0.993964
-0.993964
-0.993964
-0.993964
-0.993964
-0.993964
-0.993964
-0.993964
-0.993964
-0.993964
-0.993964
-0.993964
-0.993964
-0.993964
-0.993964
-0.993964
-0.993964
-0.993964
-0.993964
-0.993964
-0.993964
-0.993964
-0.993964
-0.993964
-0.993964
-0.993964
-0.993964
-0.993964
-0.993964
-0.993964
-0.993964
-0.993964
-0.993964
-0.993964
-0.993964
-0.993964
-0.993964
-0.993964
-0.993964
-0.993964
-0.993964
-0.994987
-0.994987
-0.994987
-0.994987
-0.994987
-0.994987
-0.994987
-0.994987
-0.994987
-0.994987
-0.994987
-0.994987
-0.994987
-0.994987
-0.994987
-0.994987
-0.994987
-0.994987
-0.994987
-0.994987
-0.994987
-0.994987
-0.994987
-0.994987
-0.994987
-0.994987
-0.994987
-0.994987
-0.994987
-0.994987
-0.994987
-0.994987
-0.994987
-0.994987
-0.994987
-0.994987
-0.994987
-0.994987
-0.994987
-0.994987
-0.994987
-0.994987
-0.994987
-0.994987
-0.994987
-0.994987
-0.994987
-0.994987
-0.994987
-0.994987
-0.994987
-0.994987
-0.994987
-0.994987
-0.994987
-0.994987
-0.994987
-0.994987
-0.994987
-0.994987
-0.994987
-0.994987
-0.994987
-0.994987
-0.994987
-0.994987
-0.994987
-0.994987
-0.994987
-0.994987
-0.994987
-0.994987
-0.994987
-0.994987
-0.994987
-0.994987
-0.994987
-0.994987
-0.994987
-0.994987
-0.994987
-0.994987
-0.994987
-0.994987
-0.994987
-0.994987
-0.994987
-0.994987
-0.994987
-0.994987
-0.994987
-0.994987
-0.994987
-0.994987
-0.994987
-0.994987
-0.994987
-0.994987
-0.994987
-0.994987
-0.994987
-0.994987
-0.994987
-0.994987
-0.994987
-0.994987
-0.994987
-0.994987
-0.994987
-0.994987
-0.994987
-0.994987
-0.994987
-0.994987
-0.994987
-0.994987
-0.994987
-0.994987
-0.994987
-0.994987
-0.994987
-0.994987
-0.994987
-0.994987
-0.994987
-0.994987
-0.994987
-0.994987
-0.994987
-0.994987
-0.994987
-0.994987
-0.994987
-0.994987
-0.994987
-0.994987
-0.994987
-0.994987
-0.994987
-0.994987
-0.994987
-0.994987
-0.994987
-0.994987
-0.994987
-0.994987
-0.994987
-0.994987
-0.994987
-0.994987
-0.994987
-0.994987
-0.994987
-0.994987
-0.994987
-0.994987
-0.994987
-0.994987
-0.994987
-0.994987
-0.994987
-0.994987
-0.994987
-0.994987
-0.994987
-0.994987
-0.994987
-0.994987
-0.994987
-0.994987
-0.994987
-0.994987
-0.994987
-0.994987
-0.994987
-0.994987
-0.994987
-0.994987
-0.994987
-0.994987
-0.994987
-0.994987
-0.994987
-0.994987
-0.994987
-0.994987
-0.994987
-0.994987
-0.994987
-0.994987
-0.994987
-0.994987
-0.994987
-0.994987
-0.994987
-0.994987
-0.994987
-0.994987
-0.994987
-0.994987
-0.994987
-0.994987
-0.994987
-0.994987
-0.994987
-0.994987
-0.994987
-0.994987
-0.994987
-0.994987
-0.994987
-0.994987
-0.994987
-0.994987
-0.994987
-0.994987
-0.994987
-0.994987
-0.994987
-0.994987
-0.994987
-0.994987
-0.994987
-0.994987
-0.994987
-0.994987
-0.994987
-0.994987
-0.994987
-0.994987
-0.994987
-0.994987
-0.994987
-0.994987
-0.994987
-0.994987
-0.994987
-0.994987
-0.994987
-0.994987
-0.994987
-0.994987
-0.994987
-0.994987
-0.994987
-0.994987
-0.994987
-0.994987
-0.994987
-0.994987
-0.994987
-0.994987
-0.994987
-0.994987
-0.994987
-0.994987
-0.994987
-0.994987
-0.994987
-0.994987
-0.994987
-0.994987
-0.994987
-0.994987
-0.994987
-0.994987
-0.994987
-0.994987
-0.994987
-0.994987
-0.994987
-0.994987
-0.994987
-0.994987
-0.994987
-0.994987
-0.994987
-0.994987
-0.994987
-0.994987
-0.994987
-0.994987
-0.994987
-0.994987
-0.994987
-0.994987
-0.994987
-0.994987
-0.994987
-0.994987
-0.994987
-0.994987
-0.994987
-0.994987
-0.994987
-0.994987
-0.994987
-0.994987
-0.994987
-0.994987
-0.994987
-0.994987
-0.994987
-0.994987
-0.994987
-0.994987
-0.994987
-0.994987
-0.994987
-0.994987
-0.994987
-0.994987
-0.994987
-0.994987
-0.994987
-0.994987
-0.994987
-0.994987
-0.994987
-0.994987
-0.994987
-0.994987
-0.994987
-0.994987
-0.994987
-0.994987
-0.994987
-0.994987
-0.994987
-0.994987
-0.994987
-0.994987
-0.994987
-0.994987
-0.994987
-0.994987
-0.994987
-0.994987
-0.994987
-0.994987
-0.994987
-0.994987
-0.994987
-0.994987
-0.994987
-0.994987
-0.994987
-0.994987
-0.994987
-0.994987
-0.994987
-0.994987
-0.994987
-0.994987
-0.994987
-0.994987
-0.994987
-0.994987
-0.994987
-0.994987
-0.994987
-0.996924
-0.996924
-0.996924
-0.996924
-0.996924
-0.996924
-0.996924
-0.996924
-0.996924
-0.996924
-0.996924
-0.996924
-0.996924
-0.996924
-0.996924
-0.996924
-0.996924
-0.996924
-0.996924
-0.996924
-0.996924
-0.996924
-0.996924
-0.996924
-0.996924
-0.996924
-0.996924
-0.996924
-0.996924
-0.996924
-0.996924
-0.996924
-0.996924
-0.996924
-0.996924
-0.996924
-0.996924
-0.996924
-0.996924
-0.996924
-0.996924
-0.996924
-0.996924
-0.996924
-0.996924
-0.996924
-0.996924
-0.996924
-0.996924
-0.996924
-0.996924
-0.996924
-0.996924
-0.996924
-0.996924
-0.996924
-0.996924
-0.996924
-0.996924
-0.996924
-0.996924
-0.996924
-0.996924
-0.996924
-0.996924
-0.996924
-0.996924
-0.996924
-0.996924
-0.996924
-0.996924
-0.996924
-0.996924
-0.996924
-0.996924
-0.996924
-0.996924
-0.996924
-0.996924
-0.996924
-0.996924
-0.996924
-0.996924
-0.996924
-0.996924
-0.996924
-0.996924
-0.996924
-0.996924
-0.996924
-0.996924
-0.996924
-0.996924
-0.996924
-0.996924
-0.996924
-0.996924
-0.996924
-0.996924
-0.996924
-0.996924
-0.996924
-0.996924
-0.996924
-0.996924
-0.996924
-0.996924
-0.996924
-0.996924
-0.996924
-0.996924
-0.996924
-0.996924
-0.996924
-0.996924
-0.996924
-0.996924
-0.996924
-0.996924
-0.996924
-0.996924
-0.996924
-0.996924
-0.996924
-0.996924
-0.996924
-0.996924
-0.996924
-0.996924
-0.996924
-0.996924
-0.996924
-0.996924
-0.996924
-0.996924
-0.996924
-0.996924
-0.996924
-0.996924
-0.996924
-0.996924
-0.996924
-0.996924
-0.996924
-0.996924
-0.996924
-0.996924
-0.996924
-0.996924
-0.996924
-0.996924
-0.996924
-0.996924
-0.996924
-0.996924
-0.996924
-0.996924
-0.996924
-0.996924
-0.996924
-0.996924
-0.996924
-0.996924
-0.996924
-0.996924
-0.996924
-0.996924
-0.996924
-0.996924
-0.996924
-0.996924
-0.996924
-0.996924
-0.996924
-0.996924
-0.996924
-0.996924
-0.996924
-0.996924
-0.996924
-0.996924
-0.996924
-0.996924
-0.996924
-0.996924
-0.996924
-0.996924
-0.996924
-0.996924
-0.996924
-0.996924
-0.996924
-0.996924
-0.996924
-0.996924
-0.996924
-0.997723
-0.997723
-0.997723
-0.997723
-0.997723
-0.997723
-0.997723
-0.997723
-0.997723
-0.997723
-0.997723
-0.997723
-0.997723
-0.997723
-0.997723
-0.997723
-0.997723
-0.997723
-0.997723
-0.997723
-0.997723
-0.997723
-0.997723
-0.997723
-0.997723
-0.997723
-0.997723
-0.997723
-0.997723
-0.997723
-0.997723
-0.997723
-0.997723
-0.997723
-0.997723
-0.997723
-0.997723
-0.997723
-0.997723
-0.997723
-0.997723
-0.997723
-0.997723
-0.997723
-0.997723
-0.997723
-0.997723
-0.997723
-0.997723
-0.997723
-0.997723
-0.997723
-0.997723
-0.997723
-0.997723
-0.997723
-0.997723
-0.997723
-0.997723
-0.997723
-0.997723
-0.997723
-0.997723
-0.997723
-0.997723
-0.997723
-0.997723
-0.997723
-0.997723
-0.997723
-0.997723
-0.997723
-0.997723
-0.997723
-0.997723
-0.997723
-0.997723
-0.997723
-0.997723
-0.997723
-0.997723
-0.997723
-0.997723
-0.997723
-0.997723
-0.997723
-0.997723
-0.997723
-0.997723
-0.997723
-0.997723
-0.997723
-0.997723
-0.997723
-0.997723
-0.997723
-0.997723
-0.997723
-0.997723
-0.997723
-0.997723
-0.997723
-0.997723
-0.997723
-0.997723
-0.997723
-0.997723
-0.997723
-0.997723
