0 
0.352941 
0.377935 
0.392221 
0.396889 
0.392221 
0.377935 
0.352941 
1 
0.479169 
0.446608 
0.266343 
1.70419e-16 
-0.266343 
-0.446608 
-0.479169 
2 
0.477234 
0.164779 
-0.314851 
-0.540304 
-0.314851 
0.164779 
0.477234 
3 
0.449005 
-0.172676 
-0.518245 
3.80479e-16 
0.518245 
0.172676 
-0.449005 
4 
0.360708 
-0.462685 
-0.142221 
0.520742 
-0.142221 
-0.462685 
0.360708 
5 
-0.262218 
0.520147 
-0.400374 
-0.000255562 
0.400834 
-0.520476 
0.262346 
6 
0.132696 
-0.340778 
0.47646 
-0.528563 
0.476021 
-0.340208 
0.132409 
