-5.000000  0.0598427
-4.990000  0.0585461
-4.980000  0.0572747
-4.969999  0.0560284
-4.959999  0.0548072
-4.949999  0.0536107
-4.939999  0.052439
-4.929998  0.0512918
-4.919998  0.0501691
-4.909998  0.0490707
-4.899998  0.0479965
-4.889997  0.0469463
-4.879997  0.04592
-4.869997  0.0449174
-4.859997  0.0439385
-4.849997  0.0429831
-4.839996  0.0420511
-4.829996  0.0411423
-4.819996  0.0402567
-4.809996  0.039394
-4.799995  0.0385541
-4.789995  0.037737
-4.779995  0.0369424
-4.769995  0.0361703
-4.759995  0.0354205
-4.749994  0.0346929
-4.739994  0.0339874
-4.729994  0.0333037
-4.719994  0.0326419
-4.709993  0.0320018
-4.699993  0.0313832
-4.689993  0.030786
-4.679993  0.0302101
-4.669992  0.0296554
-4.659992  0.0291217
-4.649992  0.0286088
-4.639992  0.0281168
-4.629992  0.0276454
-4.619991  0.0271946
-4.609991  0.0267641
-4.599991  0.0263539
-4.589991  0.0259638
-4.579990  0.0255938
-4.569990  0.0252437
-4.559990  0.0249133
-4.549990  0.0246025
-4.539989  0.0243113
-4.529989  0.0240395
-4.519989  0.0237869
-4.509989  0.0235535
-4.499989  0.0233391
-4.489988  0.0231437
-4.479988  0.022967
-4.469988  0.0228089
-4.459988  0.0226694
-4.449987  0.0225483
-4.439987  0.0224454
-4.429987  0.0223608
-4.419987  0.0222942
-4.409986  0.0222455
-4.399986  0.0222146
-4.389986  0.0222014
-4.379986  0.0222058
-4.369986  0.0222276
-4.359985  0.0222667
-4.349985  0.0223231
-4.339985  0.0223965
-4.329985  0.0224869
-4.319984  0.0225942
-4.309984  0.0227181
-4.299984  0.0228587
-4.289984  0.0230158
-4.279984  0.0231893
-4.269983  0.023379
-4.259983  0.0235848
-4.249983  0.0238067
-4.239983  0.0240445
-4.229982  0.0242981
-4.219982  0.0245674
-4.209982  0.0248523
-4.199982  0.0251526
-4.189981  0.0254682
-4.179981  0.025799
-4.169981  0.026145
-4.159981  0.0265059
-4.149981  0.0268817
-4.139980  0.0272723
-4.129980  0.0276776
-4.119980  0.0280973
-4.109980  0.0285315
-4.099979  0.02898
-4.089979  0.0294427
-4.079979  0.0299195
-4.069979  0.0304103
-4.059978  0.0309149
-4.049978  0.0314333
-4.039978  0.0319654
-4.029978  0.0325109
-4.019978  0.0330699
-4.009977  0.0336422
-3.999977  0.0342277
-3.989977  0.0348263
-3.979977  0.0354378
-3.969977  0.0360623
-3.959977  0.0366995
-3.949977  0.0373493
-3.939977  0.0380118
-3.929977  0.0386866
-3.919977  0.0393738
-3.909977  0.0400732
-3.899977  0.0407847
-3.889977  0.0415083
-3.879977  0.0422437
-3.869977  0.042991
-3.859977  0.0437499
-3.849977  0.0445205
-3.839978  0.0453025
-3.829978  0.0460959
-3.819978  0.0469006
-3.809978  0.0477164
-3.799978  0.0485433
-3.789978  0.0493812
-3.779978  0.0502299
-3.769978  0.0510894
-3.759978  0.0519596
-3.749978  0.0528402
-3.739978  0.0537314
-3.729978  0.0546328
-3.719978  0.0555446
-3.709978  0.0564664
-3.699978  0.0573983
-3.689978  0.0583401
-3.679978  0.0592918
-3.669978  0.0602532
-3.659978  0.0612242
-3.649978  0.0622048
-3.639978  0.0631948
-3.629978  0.0641941
-3.619978  0.0652027
-3.609978  0.0662204
-3.599978  0.0672472
-3.589978  0.0682828
-3.579978  0.0693274
-3.569978  0.0703806
-3.559978  0.0714426
-3.549978  0.072513
-3.539978  0.0735919
-3.529978  0.0746792
-3.519978  0.0757747
-3.509978  0.0768784
-3.499978  0.0779902
-3.489978  0.0791099
-3.479978  0.0802375
-3.469978  0.0813729
-3.459978  0.0825159
-3.449978  0.0836666
-3.439978  0.0848247
-3.429978  0.0859902
-3.419978  0.0871631
-3.409978  0.0883432
-3.399978  0.0895303
-3.389978  0.0907245
-3.379978  0.0919257
-3.369978  0.0931337
-3.359978  0.0943484
-3.349978  0.0955698
-3.339978  0.0967977
-3.329978  0.0980322
-3.319978  0.099273
-3.309978  0.10052
-3.299978  0.101773
-3.289978  0.103033
-3.279978  0.104298
-3.269978  0.10557
-3.259978  0.106847
-3.249978  0.10813
-3.239978  0.109418
-3.229978  0.110713
-3.219978  0.112012
-3.209978  0.113317
-3.199978  0.114628
-3.189978  0.115943
-3.179978  0.117264
-3.169978  0.11859
-3.159978  0.119921
-3.149978  0.121256
-3.139978  0.122597
-3.129978  0.123942
-3.119978  0.125292
-3.109978  0.126646
-3.099978  0.128005
-3.089978  0.129368
-3.079978  0.130735
-3.069978  0.132107
-3.059978  0.133483
-3.049978  0.134862
-3.039978  0.136246
-3.029978  0.137633
-3.019978  0.139025
-3.009978  0.14042
-2.999978  0.141818
-2.989978  0.14322
-2.979978  0.144626
-2.969978  0.146035
-2.959978  0.147447
-2.949978  0.148863
-2.939978  0.150281
-2.929978  0.151703
-2.919978  0.153127
-2.909978  0.154555
-2.899978  0.155985
-2.889978  0.157418
-2.879978  0.158853
-2.869978  0.160292
-2.859978  0.161732
-2.849978  0.163175
-2.839978  0.164621
-2.829978  0.166068
-2.819978  0.167518
-2.809978  0.16897
-2.799978  0.170424
-2.789979  0.17188
-2.779979  0.173338
-2.769979  0.174797
-2.759979  0.176258
-2.749979  0.177721
-2.739979  0.179186
-2.729979  0.180652
-2.719979  0.182119
-2.709979  0.183588
-2.699979  0.185058
-2.689979  0.186529
-2.679979  0.188001
-2.669979  0.189475
-2.659979  0.190949
-2.649979  0.192424
-2.639979  0.1939
-2.629979  0.195377
-2.619979  0.196854
-2.609979  0.198333
-2.599979  0.199811
-2.589979  0.20129
-2.579979  0.20277
-2.569979  0.20425
-2.559979  0.20573
-2.549979  0.20721
-2.539979  0.20869
-2.529979  0.210171
-2.519979  0.211651
-2.509979  0.213131
-2.499979  0.214612
-2.489979  0.216092
-2.479979  0.217571
-2.469979  0.21905
-2.459979  0.220529
-2.449979  0.222008
-2.439979  0.223485
-2.429979  0.224963
-2.419979  0.226439
-2.409979  0.227915
-2.399979  0.22939
-2.389979  0.230863
-2.379979  0.232336
-2.369979  0.233808
-2.359979  0.235279
-2.349979  0.236749
-2.339979  0.238217
-2.329979  0.239685
-2.319979  0.241151
-2.309979  0.242615
-2.299979  0.244078
-2.289979  0.245539
-2.279979  0.246999
-2.269979  0.248457
-2.259979  0.249914
-2.249979  0.251368
-2.239979  0.252821
-2.229979  0.254272
-2.219979  0.255721
-2.209979  0.257168
-2.199979  0.258613
-2.189979  0.260055
-2.179979  0.261496
-2.169979  0.262934
-2.159979  0.26437
-2.149979  0.265803
-2.139979  0.267234
-2.129979  0.268662
-2.119979  0.270088
-2.109979  0.271512
-2.099979  0.272932
-2.089979  0.27435
-2.079979  0.275765
-2.069979  0.277177
-2.059979  0.278586
-2.049979  0.279993
-2.039979  0.281396
-2.029979  0.282796
-2.019979  0.284193
-2.009979  0.285587
-1.999979  0.286978
-1.989979  0.288365
-1.979979  0.289749
-1.969979  0.291129
-1.959979  0.292507
-1.949979  0.29388
-1.939979  0.29525
-1.929979  0.296616
-1.919979  0.297979
-1.909979  0.299338
-1.899979  0.300693
-1.889979  0.302045
-1.879979  0.303392
-1.869979  0.304736
-1.859979  0.306075
-1.849979  0.307411
-1.839979  0.308742
-1.829979  0.310069
-1.819979  0.311392
-1.809979  0.312711
-1.799979  0.314026
-1.789979  0.315336
-1.779979  0.316642
-1.769979  0.317943
-1.759979  0.31924
-1.749979  0.320532
-1.739980  0.32182
-1.729980  0.323103
-1.719980  0.324382
-1.709980  0.325655
-1.699980  0.326924
-1.689980  0.328188
-1.679980  0.329448
-1.669980  0.330702
-1.659980  0.331951
-1.649980  0.333196
-1.639980  0.334435
-1.629980  0.335669
-1.619980  0.336899
-1.609980  0.338123
-1.599980  0.339341
-1.589980  0.340555
-1.579980  0.341763
-1.569980  0.342966
-1.559980  0.344163
-1.549980  0.345355
-1.539980  0.346541
-1.529980  0.347722
-1.519980  0.348898
-1.509980  0.350067
-1.499980  0.351232
-1.489980  0.35239
-1.479980  0.353543
-1.469980  0.35469
-1.459980  0.355831
-1.449980  0.356966
-1.439980  0.358095
-1.429980  0.359219
-1.419980  0.360336
-1.409980  0.361448
-1.399980  0.362553
-1.389980  0.363652
-1.379980  0.364745
-1.369980  0.365832
-1.359980  0.366913
-1.349980  0.367988
-1.339980  0.369056
-1.329980  0.370118
-1.319980  0.371173
-1.309980  0.372223
-1.299980  0.373266
-1.289980  0.374302
-1.279980  0.375332
-1.269980  0.376355
-1.259980  0.377372
-1.249980  0.378382
-1.239980  0.379385
-1.229980  0.380382
-1.219980  0.381373
-1.209980  0.382356
-1.199980  0.383333
-1.189980  0.384302
-1.179980  0.385266
-1.169980  0.386222
-1.159980  0.387171
-1.149980  0.388113
-1.139980  0.389049
-1.129980  0.389977
-1.119980  0.390898
-1.109980  0.391813
-1.099980  0.39272
-1.089980  0.39362
-1.079980  0.394513
-1.069980  0.395399
-1.059980  0.396278
-1.049980  0.397149
-1.039980  0.398013
-1.029980  0.39887
-1.019980  0.399719
-1.009980  0.400562
-0.999980  0.401396
-0.989980  0.402224
-0.979980  0.403044
-0.969980  0.403856
-0.959980  0.404661
-0.949980  0.405459
-0.939980  0.406249
-0.929980  0.407031
-0.919980  0.407806
-0.909980  0.408573
-0.899980  0.409333
-0.889980  0.410085
-0.879980  0.410829
-0.869980  0.411566
-0.859980  0.412294
-0.849980  0.413015
-0.839980  0.413729
-0.829980  0.414434
-0.819980  0.415132
-0.809980  0.415822
-0.799980  0.416504
-0.789980  0.417178
-0.779980  0.417844
-0.769980  0.418502
-0.759980  0.419152
-0.749980  0.419794
-0.739980  0.420429
-0.729980  0.421055
-0.719980  0.421673
-0.709980  0.422283
-0.699980  0.422885
-0.689981  0.423479
-0.679981  0.424065
-0.669981  0.424643
-0.659981  0.425212
-0.649981  0.425774
-0.639981  0.426327
-0.629981  0.426872
-0.619981  0.427409
-0.609981  0.427937
-0.599981  0.428458
-0.589981  0.42897
-0.579981  0.429473
-0.569981  0.429969
-0.559981  0.430456
-0.549981  0.430934
-0.539981  0.431405
-0.529981  0.431867
-0.519981  0.43232
-0.509981  0.432766
-0.499981  0.433203
-0.489981  0.433631
-0.479981  0.434051
-0.469981  0.434462
-0.459981  0.434865
-0.449981  0.43526
-0.439981  0.435646
-0.429981  0.436024
-0.419981  0.436393
-0.409981  0.436753
-0.399981  0.437105
-0.389981  0.437449
-0.379981  0.437784
-0.369981  0.43811
-0.359981  0.438428
-0.349981  0.438737
-0.339981  0.439037
-0.329981  0.439329
-0.319981  0.439613
-0.309981  0.439887
-0.299981  0.440153
-0.289981  0.440411
-0.279981  0.44066
-0.269981  0.4409
-0.259981  0.441131
-0.249981  0.441354
-0.239981  0.441568
-0.229981  0.441773
-0.219981  0.44197
-0.209981  0.442158
-0.199981  0.442338
-0.189981  0.442508
-0.179981  0.44267
-0.169981  0.442823
-0.159981  0.442968
-0.149981  0.443103
-0.139981  0.44323
-0.129981  0.443348
-0.119981  0.443458
-0.109981  0.443559
-0.099981  0.443651
-0.089981  0.443734
-0.079981  0.443808
-0.069981  0.443874
-0.059981  0.443931
-0.049981  0.443979
-0.039981  0.444019
-0.029981  0.444049
-0.019981  0.444071
-0.009981  0.444084
0.000019  0.444089
0.010019  0.444084
0.020019  0.444071
0.030019  0.444049
0.040019  0.444018
0.050019  0.443979
0.060019  0.443931
0.070019  0.443874
0.080019  0.443808
0.090019  0.443734
0.100019  0.44365
0.110019  0.443558
0.120019  0.443458
0.130019  0.443348
0.140019  0.44323
0.150019  0.443103
0.160019  0.442967
0.170019  0.442823
0.180019  0.442669
0.190019  0.442507
0.200019  0.442337
0.210019  0.442158
0.220019  0.441969
0.230019  0.441773
0.240019  0.441567
0.250019  0.441353
0.260019  0.44113
0.270019  0.440899
0.280019  0.440659
0.290019  0.44041
0.300019  0.440152
0.310019  0.439886
0.320019  0.439612
0.330019  0.439328
0.340019  0.439036
0.350019  0.438736
0.360019  0.438426
0.370019  0.438109
0.380019  0.437782
0.390019  0.437447
0.400019  0.437104
0.410019  0.436752
0.420019  0.436391
0.430019  0.436022
0.440019  0.435645
0.450019  0.435259
0.460019  0.434864
0.470019  0.434461
0.480019  0.434049
0.490019  0.433629
0.500019  0.433201
0.510019  0.432764
0.520019  0.432319
0.530019  0.431865
0.540019  0.431403
0.550019  0.430933
0.560019  0.430454
0.570019  0.429967
0.580019  0.429471
0.590019  0.428968
0.600019  0.428456
0.610019  0.427935
0.620019  0.427407
0.630019  0.42687
0.640019  0.426325
0.650019  0.425772
0.660019  0.42521
0.670019  0.424641
0.680019  0.424063
0.690019  0.423477
0.700019  0.422883
0.710019  0.422281
0.720019  0.421671
0.730019  0.421052
0.740019  0.420426
0.750019  0.419792
0.760019  0.41915
0.770019  0.418499
0.780019  0.417841
0.790019  0.417175
0.800019  0.416501
0.810019  0.415819
0.820019  0.415129
0.830019  0.414431
0.840019  0.413726
0.850019  0.413013
0.860019  0.412292
0.870019  0.411563
0.880019  0.410826
0.890019  0.410082
0.900019  0.40933
0.910019  0.40857
0.920019  0.407803
0.930019  0.407028
0.940019  0.406246
0.950019  0.405456
0.960019  0.404658
0.970019  0.403853
0.980018  0.403041
0.990018  0.402221
1.000018  0.401393
1.010018  0.400558
1.020018  0.399716
1.030018  0.398867
1.040018  0.39801
1.050018  0.397146
1.060018  0.396274
1.070018  0.395396
1.080018  0.39451
1.090018  0.393617
1.100018  0.392717
1.110018  0.391809
1.120018  0.390895
1.130018  0.389974
1.140018  0.389045
1.150018  0.38811
1.160018  0.387167
1.170018  0.386218
1.180018  0.385262
1.190018  0.384299
1.200018  0.383329
1.210018  0.382352
1.220018  0.381369
1.230018  0.380379
1.240018  0.379382
1.250018  0.378378
1.260018  0.377368
1.270018  0.376351
1.280018  0.375328
1.290018  0.374298
1.300018  0.373262
1.310018  0.372219
1.320018  0.371169
1.330018  0.370114
1.340018  0.369052
1.350018  0.367984
1.360018  0.366909
1.370018  0.365828
1.380018  0.364741
1.390018  0.363648
1.400018  0.362549
1.410018  0.361443
1.420018  0.360332
1.430018  0.359214
1.440018  0.358091
1.450018  0.356962
1.460018  0.355826
1.470018  0.354685
1.480018  0.353538
1.490018  0.352386
1.500018  0.351227
1.510018  0.350063
1.520018  0.348893
1.530018  0.347718
1.540018  0.346537
1.550018  0.34535
1.560018  0.344158
1.570018  0.342961
1.580018  0.341758
1.590018  0.34055
1.600018  0.339337
1.610018  0.338118
1.620018  0.336894
1.630018  0.335665
1.640018  0.33443
1.650018  0.333191
1.660018  0.331947
1.670018  0.330697
1.680018  0.329443
1.690018  0.328184
1.700018  0.326919
1.710018  0.32565
1.720018  0.324377
1.730018  0.323098
1.740018  0.321815
1.750018  0.320527
1.760018  0.319235
1.770018  0.317938
1.780018  0.316637
1.790018  0.315331
1.800018  0.314021
1.810018  0.312706
1.820018  0.311387
1.830018  0.310064
1.840018  0.308737
1.850018  0.307405
1.860018  0.30607
1.870018  0.30473
1.880018  0.303387
1.890018  0.302039
1.900018  0.300688
1.910018  0.299333
1.920018  0.297974
1.930018  0.296611
1.940018  0.295245
1.950018  0.293875
1.960018  0.292501
1.970018  0.291124
1.980018  0.289744
1.990018  0.28836
2.000018  0.286972
2.010018  0.285582
2.020018  0.284188
2.030018  0.282791
2.040018  0.281391
2.050018  0.279987
2.060018  0.278581
2.070018  0.277172
2.080018  0.27576
2.090018  0.274344
2.100018  0.272927
2.110018  0.271506
2.120018  0.270083
2.130018  0.268657
2.140018  0.267228
2.150017  0.265797
2.160017  0.264364
2.170017  0.262928
2.180017  0.26149
2.190017  0.26005
2.200017  0.258607
2.210017  0.257162
2.220017  0.255715
2.230017  0.254266
2.240017  0.252816
2.250017  0.251363
2.260017  0.249908
2.270017  0.248452
2.280017  0.246994
2.290017  0.245534
2.300017  0.244072
2.310017  0.242609
2.320017  0.241145
2.330017  0.239679
2.340017  0.238212
2.350017  0.236743
2.360017  0.235274
2.370017  0.233803
2.380017  0.232331
2.390017  0.230858
2.400017  0.229384
2.410017  0.227909
2.420017  0.226433
2.430017  0.224957
2.440017  0.22348
2.450017  0.222002
2.460017  0.220524
2.470017  0.219045
2.480017  0.217565
2.490017  0.216086
2.500017  0.214606
2.510017  0.213126
2.520017  0.211645
2.530017  0.210165
2.540017  0.208685
2.550017  0.207204
2.560017  0.205724
2.570017  0.204244
2.580017  0.202764
2.590017  0.201285
2.600017  0.199805
2.610017  0.198327
2.620017  0.196849
2.630017  0.195371
2.640017  0.193894
2.650017  0.192418
2.660017  0.190943
2.670017  0.189469
2.680017  0.187996
2.690017  0.186523
2.700017  0.185052
2.710017  0.183582
2.720017  0.182113
2.730017  0.180646
2.740017  0.17918
2.750017  0.177716
2.760017  0.176253
2.770017  0.174792
2.780017  0.173332
2.790017  0.171874
2.800017  0.170418
2.810017  0.168964
2.820017  0.167513
2.830017  0.166063
2.840017  0.164615
2.850017  0.16317
2.860017  0.161727
2.870017  0.160286
2.880017  0.158848
2.890017  0.157412
2.900017  0.155979
2.910017  0.154549
2.920017  0.153122
2.930017  0.151697
2.940017  0.150276
2.950017  0.148857
2.960017  0.147442
2.970017  0.146029
2.980017  0.144621
2.990017  0.143215
3.000017  0.141813
3.010017  0.140414
3.020017  0.139019
3.030017  0.137628
3.040017  0.136241
3.050017  0.134857
3.060017  0.133477
3.070017  0.132102
3.080017  0.13073
3.090017  0.129363
3.100017  0.128
3.110017  0.126641
3.120017  0.125287
3.130017  0.123937
3.140017  0.122592
3.150017  0.121251
3.160017  0.119916
3.170017  0.118585
3.180017  0.117259
3.190017  0.115938
3.200016  0.114623
3.210016  0.113312
3.220016  0.112007
3.230016  0.110708
3.240016  0.109413
3.250016  0.108125
3.260016  0.106842
3.270016  0.105565
3.280016  0.104293
3.290016  0.103028
3.300016  0.101769
3.310016  0.100515
3.320016  0.0992682
3.330016  0.0980274
3.340016  0.096793
3.350016  0.0955651
3.360016  0.0943437
3.370016  0.093129
3.380016  0.0919211
3.390016  0.0907199
3.400016  0.0895258
3.410016  0.0883386
3.420016  0.0871586
3.430016  0.0859858
3.440016  0.0848202
3.450016  0.0836621
3.460016  0.0825115
3.470016  0.0813685
3.480016  0.0802331
3.490016  0.0791056
3.500016  0.0779859
3.510016  0.0768742
3.520016  0.0757705
3.530016  0.074675
3.540016  0.0735878
3.550016  0.0725089
3.560016  0.0714385
3.570016  0.0703766
3.580016  0.0693233
3.590016  0.0682788
3.600016  0.0672432
3.610016  0.0662165
3.620016  0.0651988
3.630016  0.0641903
3.640016  0.063191
3.650016  0.062201
3.660016  0.0612205
3.670016  0.0602495
3.680016  0.0592881
3.690016  0.0583365
3.700016  0.0573947
3.710016  0.0564629
3.720016  0.055541
3.730016  0.0546294
3.740016  0.0537279
3.750016  0.0528368
3.760016  0.0519562
3.770016  0.0510861
3.780016  0.0502267
3.790016  0.049378
3.800016  0.0485401
3.810016  0.0477133
3.820016  0.0468975
3.830016  0.0460928
3.840016  0.0452995
3.850016  0.0445175
3.860016  0.043747
3.870016  0.0429881
3.880016  0.0422409
3.890016  0.0415055
3.900016  0.040782
3.910016  0.0400705
3.920016  0.0393711
3.930016  0.038684
3.940016  0.0380092
3.950016  0.0373468
3.960016  0.036697
3.970016  0.0360599
3.980016  0.0354355
3.990016  0.0348239
4.000016  0.0342254
4.010016  0.03364
4.020016  0.0330677
4.030016  0.0325088
4.040017  0.0319633
4.050017  0.0314313
4.060017  0.030913
4.070017  0.0304084
4.080018  0.0299177
4.090018  0.0294409
4.100018  0.0289783
4.110018  0.0285298
4.120018  0.0280957
4.130019  0.027676
4.140019  0.0272708
4.150019  0.0268803
4.160019  0.0265045
4.170020  0.0261436
4.180020  0.0257977
4.190020  0.0254669
4.200020  0.0251514
4.210021  0.0248511
4.220021  0.0245664
4.230021  0.0242971
4.240021  0.0240436
4.250021  0.0238059
4.260022  0.023584
4.270022  0.0233782
4.280022  0.0231886
4.290022  0.0230152
4.300023  0.0228581
4.310023  0.0227176
4.320023  0.0225937
4.330023  0.0224865
4.340024  0.0223962
4.350024  0.0223228
4.360024  0.0222666
4.370024  0.0222275
4.380024  0.0222057
4.390025  0.0222014
4.400025  0.0222147
4.410025  0.0222457
4.420025  0.0222944
4.430026  0.0223611
4.440026  0.0224458
4.450026  0.0225487
4.460026  0.0226699
4.470026  0.0228095
4.480027  0.0229676
4.490027  0.0231444
4.500027  0.0233399
4.510027  0.0235544
4.520028  0.0237879
4.530028  0.0240405
4.540028  0.0243124
4.550028  0.0246037
4.560029  0.0249145
4.570029  0.025245
4.580029  0.0255952
4.590029  0.0259653
4.600029  0.0263554
4.610030  0.0267657
4.620030  0.0271963
4.630030  0.0276472
4.640030  0.0281187
4.650031  0.0286108
4.660031  0.0291237
4.670031  0.0296575
4.680031  0.0302123
4.690032  0.0307883
4.700032  0.0313855
4.710032  0.0320042
4.720032  0.0326444
4.730032  0.0333063
4.740033  0.03399
4.750033  0.0346957
4.760033  0.0354234
4.770033  0.0361732
4.780034  0.0369454
4.790034  0.0377401
4.800034  0.0385573
4.810034  0.0393973
4.820035  0.04026
4.830035  0.0411458
4.840035  0.0420547
4.850035  0.0429868
4.860035  0.0439423
4.870036  0.0449212
4.880036  0.0459239
4.890036  0.0469503
4.900036  0.0480006
4.910037  0.0490749
4.920037  0.0501734
4.930037  0.0512962
4.940037  0.0524435
4.950037  0.0536153
4.960038  0.0548118
4.970038  0.0560332
4.980038  0.0572796
4.990038  0.0585511


-5.000000  -0.00532688
-4.990000  0.00493902
-4.980000  0.0144314
-4.969999  0.0231841
-4.959999  0.0312297
-4.949999  0.0386
-4.939999  0.045326
-4.929998  0.0514375
-4.919998  0.0569636
-4.909998  0.0619324
-4.899998  0.0663714
-4.889997  0.070307
-4.879997  0.0737649
-4.869997  0.0767699
-4.859997  0.0793462
-4.849997  0.0815169
-4.839996  0.0833048
-4.829996  0.0847315
-4.819996  0.0858183
-4.809996  0.0865854
-4.799995  0.0870527
-4.789995  0.0872391
-4.779995  0.0871631
-4.769995  0.0868423
-4.759995  0.086294
-4.749994  0.0855344
-4.739994  0.0845797
-4.729994  0.083445
-4.719994  0.0821451
-4.709993  0.0806942
-4.699993  0.0791059
-4.689993  0.0773933
-4.679993  0.075569
-4.669992  0.073645
-4.659992  0.071633
-4.649992  0.069544
-4.639992  0.0673887
-4.629992  0.0651772
-4.619991  0.0629192
-4.609991  0.0606241
-4.599991  0.0583007
-4.589991  0.0559574
-4.579990  0.0536023
-4.569990  0.0512431
-4.559990  0.048887
-4.549990  0.0465409
-4.539989  0.0442114
-4.529989  0.0419046
-4.519989  0.0396265
-4.509989  0.0373825
-4.499989  0.0351779
-4.489988  0.0330176
-4.479988  0.030906
-4.469988  0.0288476
-4.459988  0.0268464
-4.449987  0.0249059
-4.439987  0.0230299
-4.429987  0.0212213
-4.419987  0.0194833
-4.409986  0.0178184
-4.399986  0.0162292
-4.389986  0.0147179
-4.379986  0.0132866
-4.369986  0.011937
-4.359985  0.0106707
-4.349985  0.00948916
-4.339985  0.0083936
-4.329985  0.00738503
-4.319984  0.0064643
-4.309984  0.00563208
-4.299984  0.00488888
-4.289984  0.00423506
-4.279984  0.00367082
-4.269983  0.00319619
-4.259983  0.0028111
-4.249983  0.00251532
-4.239983  0.00230849
-4.229982  0.00219012
-4.219982  0.00215963
-4.209982  0.00221629
-4.199982  0.00235929
-4.189981  0.00258769
-4.179981  0.00290048
-4.169981  0.00329654
-4.159981  0.00377465
-4.149981  0.00433353
-4.139980  0.0049718
-4.129980  0.00568803
-4.119980  0.00648067
-4.109980  0.00734816
-4.099979  0.00828885
-4.089979  0.00930101
-4.079979  0.0103829
-4.069979  0.0115327
-4.059978  0.0127485
-4.049978  0.0140285
-4.039978  0.0153707
-4.029978  0.016773
-4.019978  0.0182335
-4.009977  0.0197502
-3.999977  0.0213209
-3.989977  0.0229435
-3.979977  0.024616
-3.969977  0.0263361
-3.959977  0.0281018
-3.949977  0.0299108
-3.939977  0.031761
-3.929977  0.0336501
-3.919977  0.0355761
-3.909977  0.0375366
-3.899977  0.0395295
-3.889977  0.0415526
-3.879977  0.0436036
-3.869977  0.0456805
-3.859977  0.047781
-3.849977  0.0499029
-3.839978  0.0520441
-3.829978  0.0542024
-3.819978  0.0563758
-3.809978  0.058562
-3.799978  0.060759
-3.789978  0.0629648
-3.779978  0.0651772
-3.769978  0.0673942
-3.759978  0.0696139
-3.749978  0.0718341
-3.739978  0.0740531
-3.729978  0.0762689
-3.719978  0.0784795
-3.709978  0.0806831
-3.699978  0.0828779
-3.689978  0.0850621
-3.679978  0.0872339
-3.669978  0.0893916
-3.659978  0.0915334
-3.649978  0.0936578
-3.639978  0.095763
-3.629978  0.0978476
-3.619978  0.09991
-3.609978  0.101949
-3.599978  0.103962
-3.589978  0.105949
-3.579978  0.107908
-3.569978  0.109837
-3.559978  0.111736
-3.549978  0.113603
-3.539978  0.115437
-3.529978  0.117236
-3.519978  0.119
-3.509978  0.120728
-3.499978  0.122418
-3.489978  0.124069
-3.479978  0.125682
-3.469978  0.127253
-3.459978  0.128784
-3.449978  0.130272
-3.439978  0.131717
-3.429978  0.133119
-3.419978  0.134477
-3.409978  0.135789
-3.399978  0.137056
-3.389978  0.138277
-3.379978  0.139452
-3.369978  0.140579
-3.359978  0.141659
-3.349978  0.142692
-3.339978  0.143676
-3.329978  0.144611
-3.319978  0.145498
-3.309978  0.146336
-3.299978  0.147125
-3.289978  0.147865
-3.279978  0.148555
-3.269978  0.149196
-3.259978  0.149788
-3.249978  0.150331
-3.239978  0.150824
-3.229978  0.151268
-3.219978  0.151664
-3.209978  0.15201
-3.199978  0.152309
-3.189978  0.152559
-3.179978  0.152761
-3.169978  0.152915
-3.159978  0.153023
-3.149978  0.153084
-3.139978  0.153098
-3.129978  0.153067
-3.119978  0.152991
-3.109978  0.15287
-3.099978  0.152704
-3.089978  0.152496
-3.079978  0.152244
-3.069978  0.15195
-3.059978  0.151615
-3.049978  0.15124
-3.039978  0.150824
-3.029978  0.150369
-3.019978  0.149876
-3.009978  0.149345
-2.999978  0.148778
-2.989978  0.148176
-2.979978  0.147538
-2.969978  0.146867
-2.959978  0.146163
-2.949978  0.145427
-2.939978  0.144661
-2.929978  0.143864
-2.919978  0.143039
-2.909978  0.142187
-2.899978  0.141308
-2.889978  0.140404
-2.879978  0.139475
-2.869978  0.138523
-2.859978  0.13755
-2.849978  0.136556
-2.839978  0.135542
-2.829978  0.13451
-2.819978  0.133461
-2.809978  0.132396
-2.799978  0.131316
-2.789979  0.130224
-2.779979  0.129119
-2.769979  0.128003
-2.759979  0.126878
-2.749979  0.125745
-2.739979  0.124605
-2.729979  0.12346
-2.719979  0.12231
-2.709979  0.121158
-2.699979  0.120004
-2.689979  0.118849
-2.679979  0.117696
-2.669979  0.116546
-2.659979  0.115399
-2.649979  0.114257
-2.639979  0.113122
-2.629979  0.111995
-2.619979  0.110877
-2.609979  0.10977
-2.599979  0.108674
-2.589979  0.107592
-2.579979  0.106525
-2.569979  0.105473
-2.559979  0.104439
-2.549979  0.103423
-2.539979  0.102428
-2.529979  0.101453
-2.519979  0.100501
-2.509979  0.0995734
-2.499979  0.0986706
-2.489979  0.0977942
-2.479979  0.0969456
-2.469979  0.096126
-2.459979  0.0953367
-2.449979  0.0945789
-2.439979  0.0938539
-2.429979  0.0931629
-2.419979  0.0925071
-2.409979  0.0918877
-2.399979  0.0913059
-2.389979  0.0907629
-2.379979  0.0902598
-2.369979  0.0897978
-2.359979  0.089378
-2.349979  0.0890016
-2.339979  0.0886697
-2.329979  0.0883833
-2.319979  0.0881435
-2.309979  0.0879513
-2.299979  0.0878079
-2.289979  0.0877142
-2.279979  0.0876712
-2.269979  0.0876799
-2.259979  0.0877413
-2.249979  0.0878563
-2.239979  0.0880259
-2.229979  0.0882508
-2.219979  0.0885322
-2.209979  0.0888707
-2.199979  0.0892672
-2.189979  0.0897226
-2.179979  0.0902377
-2.169979  0.0908132
-2.159979  0.0914499
-2.149979  0.0921486
-2.139979  0.0929099
-2.129979  0.0937345
-2.119979  0.0946231
-2.109979  0.0955764
-2.099979  0.096595
-2.089979  0.0976794
-2.079979  0.0988302
-2.069979  0.100048
-2.059979  0.101333
-2.049979  0.102687
-2.039979  0.104109
-2.029979  0.105599
-2.019979  0.10716
-2.009979  0.10879
-1.999979  0.11049
-1.989979  0.11226
-1.979979  0.114102
-1.969979  0.116014
-1.959979  0.117998
-1.949979  0.120054
-1.939979  0.122181
-1.929979  0.124381
-1.919979  0.126652
-1.909979  0.128997
-1.899979  0.131413
-1.889979  0.133903
-1.879979  0.136464
-1.869979  0.139099
-1.859979  0.141807
-1.849979  0.144587
-1.839979  0.14744
-1.829979  0.150365
-1.819979  0.153363
-1.809979  0.156434
-1.799979  0.159577
-1.789979  0.162792
-1.779979  0.166078
-1.769979  0.169437
-1.759979  0.172867
-1.749979  0.176369
-1.739980  0.179941
-1.729980  0.183584
-1.719980  0.187298
-1.709980  0.191081
-1.699980  0.194934
-1.689980  0.198856
-1.679980  0.202847
-1.669980  0.206906
-1.659980  0.211032
-1.649980  0.215227
-1.639980  0.219487
-1.629980  0.223814
-1.619980  0.228207
-1.609980  0.232664
-1.599980  0.237186
-1.589980  0.241772
-1.579980  0.246421
-1.569980  0.251132
-1.559980  0.255904
-1.549980  0.260738
-1.539980  0.265632
-1.529980  0.270585
-1.519980  0.275597
-1.509980  0.280666
-1.499980  0.285793
-1.489980  0.290975
-1.479980  0.296213
-1.469980  0.301504
-1.459980  0.30685
-1.449980  0.312247
-1.439980  0.317697
-1.429980  0.323196
-1.419980  0.328745
-1.409980  0.334343
-1.399980  0.339988
-1.389980  0.345679
-1.379980  0.351416
-1.369980  0.357197
-1.359980  0.363021
-1.349980  0.368887
-1.339980  0.374794
-1.329980  0.380741
-1.319980  0.386726
-1.309980  0.392749
-1.299980  0.398808
-1.289980  0.404902
-1.279980  0.41103
-1.269980  0.41719
-1.259980  0.423382
-1.249980  0.429604
-1.239980  0.435855
-1.229980  0.442133
-1.219980  0.448437
-1.209980  0.454767
-1.199980  0.46112
-1.189980  0.467495
-1.179980  0.473892
-1.169980  0.480308
-1.159980  0.486742
-1.149980  0.493193
-1.139980  0.49966
-1.129980  0.506141
-1.119980  0.512635
-1.109980  0.51914
-1.099980  0.525655
-1.089980  0.532179
-1.079980  0.53871
-1.069980  0.545247
-1.059980  0.551789
-1.049980  0.558333
-1.039980  0.564879
-1.029980  0.571425
-1.019980  0.57797
-1.009980  0.584511
-0.999980  0.591049
-0.989980  0.597581
-0.979980  0.604106
-0.969980  0.610623
-0.959980  0.617129
-0.949980  0.623624
-0.939980  0.630106
-0.929980  0.636574
-0.919980  0.643026
-0.909980  0.649461
-0.899980  0.655877
-0.889980  0.662273
-0.879980  0.668648
-0.869980  0.674999
-0.859980  0.681326
-0.849980  0.687628
-0.839980  0.693902
-0.829980  0.700147
-0.819980  0.706363
-0.809980  0.712546
-0.799980  0.718697
-0.789980  0.724814
-0.779980  0.730894
-0.769980  0.736938
-0.759980  0.742943
-0.749980  0.748909
-0.739980  0.754833
-0.729980  0.760714
-0.719980  0.766552
-0.709980  0.772344
-0.699980  0.77809
-0.689981  0.783787
-0.679981  0.789436
-0.669981  0.795034
-0.659981  0.80058
-0.649981  0.806073
-0.639981  0.811511
-0.629981  0.816894
-0.619981  0.82222
-0.609981  0.827488
-0.599981  0.832696
-0.589981  0.837844
-0.579981  0.84293
-0.569981  0.847953
-0.559981  0.852912
-0.549981  0.857806
-0.539981  0.862633
-0.529981  0.867393
-0.519981  0.872084
-0.509981  0.876705
-0.499981  0.881256
-0.489981  0.885734
-0.479981  0.89014
-0.469981  0.894472
-0.459981  0.898728
-0.449981  0.902909
-0.439981  0.907013
-0.429981  0.911039
-0.419981  0.914986
-0.409981  0.918853
-0.399981  0.922639
-0.389981  0.926344
-0.379981  0.929967
-0.369981  0.933506
-0.359981  0.936961
-0.349981  0.940331
-0.339981  0.943615
-0.329981  0.946813
-0.319981  0.949924
-0.309981  0.952946
-0.299981  0.95588
-0.289981  0.958725
-0.279981  0.961479
-0.269981  0.964143
-0.259981  0.966715
-0.249981  0.969195
-0.239981  0.971583
-0.229981  0.973878
-0.219981  0.976079
-0.209981  0.978186
-0.199981  0.980198
-0.189981  0.982115
-0.179981  0.983937
-0.169981  0.985662
-0.159981  0.987291
-0.149981  0.988824
-0.139981  0.990259
-0.129981  0.991596
-0.119981  0.992836
-0.109981  0.993978
-0.099981  0.995021
-0.089981  0.995966
-0.079981  0.996812
-0.069981  0.997558
-0.059981  0.998206
-0.049981  0.998754
-0.039981  0.999203
-0.029981  0.999551
-0.019981  0.999801
-0.009981  0.99995
0.000019  1
0.010019  0.99995
0.020019  0.9998
0.030019  0.99955
0.040019  0.999201
0.050019  0.998752
0.060019  0.998204
0.070019  0.997556
0.080019  0.996809
0.090019  0.995962
0.100019  0.995017
0.110019  0.993974
0.120019  0.992832
0.130019  0.991591
0.140019  0.990253
0.150019  0.988818
0.160019  0.987285
0.170019  0.985656
0.180019  0.98393
0.190019  0.982108
0.200019  0.980191
0.210019  0.978178
0.220019  0.976071
0.230019  0.973869
0.240019  0.971574
0.250019  0.969186
0.260019  0.966705
0.270019  0.964133
0.280019  0.961469
0.290019  0.958714
0.300019  0.955869
0.310019  0.952935
0.320019  0.949912
0.330019  0.946801
0.340019  0.943603
0.350019  0.940318
0.360019  0.936948
0.370019  0.933493
0.380019  0.929953
0.390019  0.92633
0.400019  0.922625
0.410019  0.918838
0.420019  0.914971
0.430019  0.911024
0.440019  0.906997
0.450019  0.902893
0.460019  0.898712
0.470019  0.894455
0.480019  0.890123
0.490019  0.885717
0.500019  0.881238
0.510019  0.876688
0.520019  0.872066
0.530019  0.867375
0.540019  0.862615
0.550019  0.857787
0.560019  0.852893
0.570019  0.847934
0.580019  0.842911
0.590019  0.837824
0.600019  0.832676
0.610019  0.827468
0.620019  0.8222
0.630019  0.816874
0.640019  0.811491
0.650019  0.806052
0.660019  0.800559
0.670019  0.795012
0.680019  0.789414
0.690019  0.783766
0.700019  0.778068
0.710019  0.772322
0.720019  0.76653
0.730019  0.760692
0.740019  0.75481
0.750019  0.748886
0.760019  0.74292
0.770019  0.736915
0.780019  0.730871
0.790019  0.72479
0.800019  0.718674
0.810019  0.712523
0.820019  0.706339
0.830019  0.700123
0.840019  0.693878
0.850019  0.687604
0.860019  0.681302
0.870019  0.674975
0.880019  0.668623
0.890019  0.662249
0.900019  0.655853
0.910019  0.649436
0.920019  0.643001
0.930019  0.636549
0.940019  0.630081
0.950019  0.623599
0.960019  0.617104
0.970019  0.610598
0.980018  0.604081
0.990018  0.597556
1.000018  0.591024
1.010018  0.584486
1.020018  0.577945
1.030018  0.5714
1.040018  0.564854
1.050018  0.558308
1.060018  0.551764
1.070018  0.545222
1.080018  0.538685
1.090018  0.532154
1.100018  0.52563
1.110018  0.519115
1.120018  0.51261
1.130018  0.506116
1.140018  0.499635
1.150018  0.493168
1.160018  0.486717
1.170018  0.480283
1.180018  0.473867
1.190018  0.467471
1.200018  0.461095
1.210018  0.454742
1.220018  0.448413
1.230018  0.442109
1.240018  0.435831
1.250018  0.42958
1.260018  0.423358
1.270018  0.417167
1.280018  0.411006
1.290018  0.404878
1.300018  0.398785
1.310018  0.392726
1.320018  0.386703
1.330018  0.380718
1.340018  0.374771
1.350018  0.368864
1.360018  0.362998
1.370018  0.357174
1.380018  0.351394
1.390018  0.345657
1.400018  0.339966
1.410018  0.334321
1.420018  0.328724
1.430018  0.323175
1.440018  0.317676
1.450018  0.312227
1.460018  0.306829
1.470018  0.301484
1.480018  0.296192
1.490018  0.290955
1.500018  0.285773
1.510018  0.280647
1.520018  0.275577
1.530018  0.270566
1.540018  0.265613
1.550018  0.260719
1.560018  0.255886
1.570018  0.251114
1.580018  0.246403
1.590018  0.241754
1.600018  0.237169
1.610018  0.232647
1.620018  0.22819
1.630018  0.223798
1.640018  0.219471
1.650018  0.21521
1.660018  0.211017
1.670018  0.20689
1.680018  0.202831
1.690018  0.198841
1.700018  0.194919
1.710018  0.191066
1.720018  0.187283
1.730018  0.18357
1.740018  0.179927
1.750018  0.176355
1.760018  0.172854
1.770018  0.169424
1.780018  0.166066
1.790018  0.162779
1.800018  0.159564
1.810018  0.156422
1.820018  0.153352
1.830018  0.150354
1.840018  0.147429
1.850018  0.144576
1.860018  0.141796
1.870018  0.139089
1.880018  0.136455
1.890018  0.133893
1.900018  0.131404
1.910018  0.128987
1.920018  0.126644
1.930018  0.124372
1.940018  0.122173
1.950018  0.120046
1.960018  0.11799
1.970018  0.116007
1.980018  0.114094
1.990018  0.112253
2.000018  0.110483
2.010018  0.108783
2.020018  0.107154
2.030018  0.105594
2.040018  0.104103
2.050018  0.102681
2.060018  0.101328
2.070018  0.100043
2.080018  0.0988257
2.090018  0.0976751
2.100018  0.0965909
2.110018  0.0955726
2.120018  0.0946196
2.130018  0.0937312
2.140018  0.0929068
2.150017  0.0921458
2.160017  0.0914474
2.170017  0.0908109
2.180017  0.0902356
2.190017  0.0897208
2.200017  0.0892656
2.210017  0.0888693
2.220017  0.088531
2.230017  0.0882499
2.240017  0.0880251
2.250017  0.0878558
2.260017  0.087741
2.270017  0.0876798
2.280017  0.0876713
2.290017  0.0877145
2.300017  0.0878084
2.310017  0.087952
2.320017  0.0881443
2.330017  0.0883843
2.340017  0.0886709
2.350017  0.089003
2.360017  0.0893796
2.370017  0.0897995
2.380017  0.0902616
2.390017  0.0907649
2.400017  0.091308
2.410017  0.09189
2.420017  0.0925095
2.430017  0.0931655
2.440017  0.0938566
2.450017  0.0945818
2.460017  0.0953397
2.470017  0.0961291
2.480017  0.0969488
2.490017  0.0977975
2.500017  0.098674
2.510017  0.0995769
2.520017  0.100505
2.530017  0.101457
2.540017  0.102431
2.550017  0.103427
2.560017  0.104443
2.570017  0.105477
2.580017  0.106529
2.590017  0.107596
2.600017  0.108679
2.610017  0.109774
2.620017  0.110881
2.630017  0.111999
2.640017  0.113127
2.650017  0.114262
2.660017  0.115403
2.670017  0.11655
2.680017  0.117701
2.690017  0.118854
2.700017  0.120008
2.710017  0.121162
2.720017  0.122315
2.730017  0.123464
2.740017  0.12461
2.750017  0.12575
2.760017  0.126883
2.770017  0.128008
2.780017  0.129123
2.790017  0.130228
2.800017  0.131321
2.810017  0.1324
2.820017  0.133465
2.830017  0.134514
2.840017  0.135546
2.850017  0.136559
2.860017  0.137554
2.870017  0.138527
2.880017  0.139479
2.890017  0.140407
2.900017  0.141311
2.910017  0.14219
2.920017  0.143043
2.930017  0.143867
2.940017  0.144664
2.950017  0.14543
2.960017  0.146166
2.970017  0.14687
2.980017  0.147541
2.990017  0.148178
3.000017  0.148781
3.010017  0.149348
3.020017  0.149878
3.030017  0.150371
3.040017  0.150826
3.050017  0.151241
3.060017  0.151617
3.070017  0.151952
3.080017  0.152245
3.090017  0.152497
3.100017  0.152705
3.110017  0.15287
3.120017  0.152991
3.130017  0.153067
3.140017  0.153098
3.150017  0.153084
3.160017  0.153023
3.170017  0.152915
3.180017  0.15276
3.190017  0.152558
3.200016  0.152307
3.210016  0.152009
3.220016  0.151662
3.230016  0.151267
3.240016  0.150822
3.250016  0.150329
3.260016  0.149786
3.270016  0.149194
3.280016  0.148552
3.290016  0.147862
3.300016  0.147122
3.310016  0.146333
3.320016  0.145495
3.330016  0.144608
3.340016  0.143672
3.350016  0.142688
3.360016  0.141655
3.370016  0.140575
3.380016  0.139448
3.390016  0.138273
3.400016  0.137052
3.410016  0.135784
3.420016  0.134471
3.430016  0.133114
3.440016  0.131712
3.450016  0.130266
3.460016  0.128778
3.470016  0.127247
3.480016  0.125675
3.490016  0.124063
3.500016  0.122412
3.510016  0.120721
3.520016  0.118994
3.530016  0.117229
3.540016  0.11543
3.550016  0.113596
3.560016  0.111729
3.570016  0.10983
3.580016  0.1079
3.590016  0.105941
3.600016  0.103954
3.610016  0.101941
3.620016  0.0999021
3.630016  0.0978397
3.640016  0.095755
3.650016  0.0936496
3.660016  0.0915252
3.670016  0.0893833
3.680016  0.0872256
3.690016  0.0850537
3.700016  0.0828695
3.710016  0.0806747
3.720016  0.078471
3.730016  0.0762604
3.740016  0.0740446
3.750016  0.0718256
3.760016  0.0696053
3.770016  0.0673857
3.780016  0.0651687
3.790016  0.0629563
3.800016  0.0607506
3.810016  0.0585536
3.820016  0.0563674
3.830016  0.0541941
3.840016  0.0520359
3.850016  0.0498947
3.860016  0.0477729
3.870016  0.0456725
3.880016  0.0435957
3.890016  0.0415448
3.900016  0.0395218
3.910016  0.037529
3.920016  0.0355686
3.930016  0.0336428
3.940016  0.0317538
3.950016  0.0299038
3.960016  0.0280949
3.970016  0.0263294
3.980016  0.0246095
3.990016  0.0229372
4.000016  0.0213148
4.010016  0.0197443
4.020016  0.0182278
4.030016  0.0167675
4.040017  0.0153654
4.050017  0.0140234
4.060017  0.0127437
4.070017  0.0115281
4.080018  0.0103786
4.090018  0.00929697
4.100018  0.00828508
4.110018  0.00734467
4.120018  0.00647747
4.130019  0.00568511
4.140019  0.00496919
4.150019  0.00433122
4.160019  0.00377265
4.170020  0.00329485
4.180020  0.00289911
4.190020  0.00258665
4.200020  0.00235857
4.210021  0.00221591
4.220021  0.00215958
4.230021  0.00219041
4.240021  0.00230911
4.250021  0.00251629
4.260022  0.00281242
4.270022  0.00319785
4.280022  0.00367282
4.290022  0.00423742
4.300023  0.00489158
4.310023  0.00563512
4.320023  0.00646768
4.330023  0.00738876
4.340024  0.00839767
4.350024  0.00949356
4.360024  0.0106754
4.370024  0.011942
4.380024  0.0132919
4.390025  0.0147236
4.400025  0.0162352
4.410025  0.0178247
4.420025  0.0194898
4.430026  0.0212282
4.440026  0.023037
4.450026  0.0249133
4.460026  0.026854
4.470026  0.0288555
4.480027  0.0309141
4.490027  0.0330258
4.500027  0.0351864
4.510027  0.0373911
4.520028  0.0396352
4.530028  0.0419135
4.540028  0.0442203
4.550028  0.0465499
4.560029  0.048896
4.570029  0.0512522
4.580029  0.0536114
4.590029  0.0559665
4.600029  0.0583097
4.610030  0.060633
4.620030  0.062928
4.630030  0.0651858
4.640030  0.0673971
4.650031  0.0695522
4.660031  0.0716409
4.670031  0.0736526
4.680031  0.0755762
4.690032  0.0774001
4.700032  0.0791123
4.710032  0.0807001
4.720032  0.0821504
4.730032  0.0834497
4.740033  0.0845837
4.750033  0.0855378
4.760033  0.0862965
4.770033  0.086844
4.780034  0.0871639
4.790034  0.0872389
4.800034  0.0870515
4.810034  0.0865831
4.820035  0.0858147
4.830035  0.0847267
4.840035  0.0832986
4.850035  0.0815093
4.860035  0.079337
4.870036  0.0767592
4.880036  0.0737525
4.890036  0.0702928
4.900036  0.0663553
4.910037  0.0619143
4.920037  0.0569433
4.930037  0.051415
4.940037  0.0453012
4.950037  0.0385728
4.960038  0.0311999
4.970038  0.0231517
4.980038  0.0143962
4.990038  0.00490088


-5.000000  0.0352651
-4.990000  0.036909
-4.980000  0.0383121
-4.969999  0.039497
-4.959999  0.040485
-4.949999  0.0412959
-4.939999  0.0419482
-4.929998  0.0424593
-4.919998  0.0428452
-4.909998  0.0431209
-4.899998  0.0433002
-4.889997  0.0433962
-4.879997  0.0434206
-4.869997  0.0433845
-4.859997  0.043298
-4.849997  0.0431703
-4.839996  0.04301
-4.829996  0.0428248
-4.819996  0.0426219
-4.809996  0.0424077
-4.799995  0.0421878
-4.789995  0.0419677
-4.779995  0.0417518
-4.769995  0.0415445
-4.759995  0.0413493
-4.749994  0.0411694
-4.739994  0.0410078
-4.729994  0.0408666
-4.719994  0.0407481
-4.709993  0.0406538
-4.699993  0.0405851
-4.689993  0.0405432
-4.679993  0.0405287
-4.669992  0.0405423
-4.659992  0.0405843
-4.649992  0.0406547
-4.639992  0.0407534
-4.629992  0.0408803
-4.619991  0.0410348
-4.609991  0.0412163
-4.599991  0.0414243
-4.589991  0.0416578
-4.579990  0.0419159
-4.569990  0.0421976
-4.559990  0.0425019
-4.549990  0.0428275
-4.539989  0.0431732
-4.529989  0.0435377
-4.519989  0.0439199
-4.509989  0.0443182
-4.499989  0.0447314
-4.489988  0.0451581
-4.479988  0.0455969
-4.469988  0.0460465
-4.459988  0.0465055
-4.449987  0.0469724
-4.439987  0.0474461
-4.429987  0.0479251
-4.419987  0.0484082
-4.409986  0.0488941
-4.399986  0.0493816
-4.389986  0.0498694
-4.379986  0.0503566
-4.369986  0.0508418
-4.359985  0.0513241
-4.349985  0.0518025
-4.339985  0.0522759
-4.329985  0.0527435
-4.319984  0.0532044
-4.309984  0.0536578
-4.299984  0.0541029
-4.289984  0.054539
-4.279984  0.0549655
-4.269983  0.0553818
-4.259983  0.0557872
-4.249983  0.0561814
-4.239983  0.056564
-4.229982  0.0569344
-4.219982  0.0572924
-4.209982  0.0576377
-4.199982  0.0579702
-4.189981  0.0582895
-4.179981  0.0585957
-4.169981  0.0588885
-4.159981  0.0591681
-4.149981  0.0594343
-4.139980  0.0596874
-4.129980  0.0599273
-4.119980  0.0601543
-4.109980  0.0603685
-4.099979  0.0605701
-4.089979  0.0607595
-4.079979  0.0609368
-4.069979  0.0611026
-4.059978  0.061257
-4.049978  0.0614006
-4.039978  0.0615338
-4.029978  0.0616569
-4.019978  0.0617706
-4.009977  0.0618753
-3.999977  0.0619714
-3.989977  0.0620597
-3.979977  0.0621406
-3.969977  0.0622147
-3.959977  0.0622826
-3.949977  0.062345
-3.939977  0.0624024
-3.929977  0.0624556
-3.919977  0.062505
-3.909977  0.0625515
-3.899977  0.0625956
-3.889977  0.062638
-3.879977  0.0626794
-3.869977  0.0627204
-3.859977  0.0627617
-3.849977  0.062804
-3.839978  0.0628478
-3.829978  0.062894
-3.819978  0.0629431
-3.809978  0.0629957
-3.799978  0.0630526
-3.789978  0.0631142
-3.779978  0.0631814
-3.769978  0.0632545
-3.759978  0.0633343
-3.749978  0.0634213
-3.739978  0.0635161
-3.729978  0.0636193
-3.719978  0.0637312
-3.709978  0.0638526
-3.699978  0.0639839
-3.689978  0.0641255
-3.679978  0.064278
-3.669978  0.0644417
-3.659978  0.0646172
-3.649978  0.0648047
-3.639978  0.0650048
-3.629978  0.0652177
-3.619978  0.0654438
-3.609978  0.0656834
-3.599978  0.0659368
-3.589978  0.0662044
-3.579978  0.0664862
-3.569978  0.0667827
-3.559978  0.0670939
-3.549978  0.0674201
-3.539978  0.0677614
-3.529978  0.068118
-3.519978  0.06849
-3.509978  0.0688775
-3.499978  0.0692805
-3.489978  0.0696991
-3.479978  0.0701334
-3.469978  0.0705833
-3.459978  0.0710488
-3.449978  0.0715299
-3.439978  0.0720265
-3.429978  0.0725385
-3.419978  0.0730659
-3.409978  0.0736085
-3.399978  0.0741661
-3.389978  0.0747387
-3.379978  0.075326
-3.369978  0.0759278
-3.359978  0.0765439
-3.349978  0.0771741
-3.339978  0.0778182
-3.329978  0.0784758
-3.319978  0.0791467
-3.309978  0.0798305
-3.299978  0.080527
-3.289978  0.0812359
-3.279978  0.0819568
-3.269978  0.0826893
-3.259978  0.0834331
-3.249978  0.0841878
-3.239978  0.084953
-3.229978  0.0857284
-3.219978  0.0865134
-3.209978  0.0873078
-3.199978  0.0881111
-3.189978  0.0889228
-3.179978  0.0897425
-3.169978  0.0905698
-3.159978  0.0914042
-3.149978  0.0922453
-3.139978  0.0930927
-3.129978  0.0939458
-3.119978  0.0948042
-3.109978  0.0956675
-3.099978  0.0965351
-3.089978  0.0974067
-3.079978  0.0982818
-3.069978  0.0991599
-3.059978  0.10004
-3.049978  0.100923
-3.039978  0.101808
-3.029978  0.102693
-3.019978  0.10358
-3.009978  0.104466
-2.999978  0.105353
-2.989978  0.106239
-2.979978  0.107124
-2.969978  0.108008
-2.959978  0.10889
-2.949978  0.10977
-2.939978  0.110648
-2.929978  0.111523
-2.919978  0.112394
-2.909978  0.113262
-2.899978  0.114126
-2.889978  0.114986
-2.879978  0.115842
-2.869978  0.116692
-2.859978  0.117538
-2.849978  0.118378
-2.839978  0.119213
-2.829978  0.120041
-2.819978  0.120864
-2.809978  0.121681
-2.799978  0.122491
-2.789979  0.123294
-2.779979  0.124091
-2.769979  0.124881
-2.759979  0.125664
-2.749979  0.12644
-2.739979  0.127209
-2.729979  0.127971
-2.719979  0.128725
-2.709979  0.129473
-2.699979  0.130213
-2.689979  0.130945
-2.679979  0.131671
-2.669979  0.132389
-2.659979  0.133101
-2.649979  0.133805
-2.639979  0.134503
-2.629979  0.135193
-2.619979  0.135878
-2.609979  0.136556
-2.599979  0.137227
-2.589979  0.137893
-2.579979  0.138553
-2.569979  0.139208
-2.559979  0.139858
-2.549979  0.140502
-2.539979  0.141142
-2.529979  0.141778
-2.519979  0.14241
-2.509979  0.143039
-2.499979  0.143664
-2.489979  0.144287
-2.479979  0.144907
-2.469979  0.145526
-2.459979  0.146143
-2.449979  0.146759
-2.439979  0.147375
-2.429979  0.147991
-2.419979  0.148608
-2.409979  0.149226
-2.399979  0.149846
-2.389979  0.150469
-2.379979  0.151094
-2.369979  0.151723
-2.359979  0.152356
-2.349979  0.152994
-2.339979  0.153638
-2.329979  0.154287
-2.319979  0.154944
-2.309979  0.155608
-2.299979  0.156281
-2.289979  0.156962
-2.279979  0.157653
-2.269979  0.158355
-2.259979  0.159068
-2.249979  0.159792
-2.239979  0.16053
-2.229979  0.161281
-2.219979  0.162046
-2.209979  0.162826
-2.199979  0.163622
-2.189979  0.164435
-2.179979  0.165265
-2.169979  0.166114
-2.159979  0.166982
-2.149979  0.167869
-2.139979  0.168777
-2.129979  0.169707
-2.119979  0.170659
-2.109979  0.171634
-2.099979  0.172634
-2.089979  0.173658
-2.079979  0.174708
-2.069979  0.175784
-2.059979  0.176888
-2.049979  0.17802
-2.039979  0.17918
-2.029979  0.180371
-2.019979  0.181592
-2.009979  0.182844
-1.999979  0.184129
-1.989979  0.185447
-1.979979  0.186798
-1.969979  0.188184
-1.959979  0.189605
-1.949979  0.191062
-1.939979  0.192556
-1.929979  0.194088
-1.919979  0.195658
-1.909979  0.197266
-1.899979  0.198915
-1.889979  0.200604
-1.879979  0.202334
-1.869979  0.204106
-1.859979  0.20592
-1.849979  0.207777
-1.839979  0.209678
-1.829979  0.211624
-1.819979  0.213614
-1.809979  0.21565
-1.799979  0.217731
-1.789979  0.219859
-1.779979  0.222035
-1.769979  0.224258
-1.759979  0.226529
-1.749979  0.228849
-1.739980  0.231217
-1.729980  0.233635
-1.719980  0.236103
-1.709980  0.238622
-1.699980  0.24119
-1.689980  0.24381
-1.679980  0.246481
-1.669980  0.249204
-1.659980  0.251979
-1.649980  0.254805
-1.639980  0.257684
-1.629980  0.260616
-1.619980  0.2636
-1.609980  0.266638
-1.599980  0.269728
-1.589980  0.272871
-1.579980  0.276068
-1.569980  0.279318
-1.559980  0.282621
-1.549980  0.285977
-1.539980  0.289387
-1.529980  0.29285
-1.519980  0.296366
-1.509980  0.299936
-1.499980  0.303558
-1.489980  0.307233
-1.479980  0.31096
-1.469980  0.31474
-1.459980  0.318572
-1.449980  0.322456
-1.439980  0.326392
-1.429980  0.330378
-1.419980  0.334416
-1.409980  0.338504
-1.399980  0.342643
-1.389980  0.346831
-1.379980  0.351068
-1.369980  0.355355
-1.359980  0.359689
-1.349980  0.364071
-1.339980  0.368501
-1.329980  0.372977
-1.319980  0.377498
-1.309980  0.382066
-1.299980  0.386678
-1.289980  0.391333
-1.279980  0.396032
-1.269980  0.400774
-1.259980  0.405557
-1.249980  0.410381
-1.239980  0.415245
-1.229980  0.420148
-1.219980  0.42509
-1.209980  0.430069
-1.199980  0.435084
-1.189980  0.440135
-1.179980  0.445221
-1.169980  0.45034
-1.159980  0.455492
-1.149980  0.460675
-1.139980  0.465889
-1.129980  0.471132
-1.119980  0.476403
-1.109980  0.481702
-1.099980  0.487026
-1.089980  0.492375
-1.079980  0.497748
-1.069980  0.503143
-1.059980  0.508559
-1.049980  0.513996
-1.039980  0.519451
-1.029980  0.524923
-1.019980  0.530411
-1.009980  0.535915
-0.999980  0.541431
-0.989980  0.54696
-0.979980  0.552499
-0.969980  0.558048
-0.959980  0.563605
-0.949980  0.569168
-0.939980  0.574736
-0.929980  0.580308
-0.919980  0.585883
-0.909980  0.591458
-0.899980  0.597032
-0.889980  0.602605
-0.879980  0.608174
-0.869980  0.613738
-0.859980  0.619295
-0.849980  0.624844
-0.839980  0.630383
-0.829980  0.635912
-0.819980  0.641428
-0.809980  0.646929
-0.799980  0.652415
-0.789980  0.657884
-0.779980  0.663334
-0.769980  0.668764
-0.759980  0.674172
-0.749980  0.679556
-0.739980  0.684916
-0.729980  0.690249
-0.719980  0.695554
-0.709980  0.70083
-0.699980  0.706075
-0.689981  0.711287
-0.679981  0.716465
-0.669981  0.721607
-0.659981  0.726712
-0.649981  0.731778
-0.639981  0.736805
-0.629981  0.741789
-0.619981  0.746731
-0.609981  0.751627
-0.599981  0.756478
-0.589981  0.761281
-0.579981  0.766034
-0.569981  0.770738
-0.559981  0.775389
-0.549981  0.779987
-0.539981  0.78453
-0.529981  0.789017
-0.519981  0.793447
-0.509981  0.797817
-0.499981  0.802128
-0.489981  0.806376
-0.479981  0.810562
-0.469981  0.814683
-0.459981  0.818739
-0.449981  0.822728
-0.439981  0.826649
-0.429981  0.830501
-0.419981  0.834282
-0.409981  0.837992
-0.399981  0.841628
-0.389981  0.845191
-0.379981  0.848679
-0.369981  0.85209
-0.359981  0.855424
-0.349981  0.858679
-0.339981  0.861855
-0.329981  0.864951
-0.319981  0.867965
-0.309981  0.870896
-0.299981  0.873745
-0.289981  0.876509
-0.279981  0.879187
-0.269981  0.88178
-0.259981  0.884286
-0.249981  0.886704
-0.239981  0.889034
-0.229981  0.891275
-0.219981  0.893426
-0.209981  0.895486
-0.199981  0.897454
-0.189981  0.899331
-0.179981  0.901115
-0.169981  0.902806
-0.159981  0.904404
-0.149981  0.905907
-0.139981  0.907316
-0.129981  0.908629
-0.119981  0.909847
-0.109981  0.910969
-0.099981  0.911994
-0.089981  0.912923
-0.079981  0.913755
-0.069981  0.91449
-0.059981  0.915127
-0.049981  0.915666
-0.039981  0.916108
-0.029981  0.916451
-0.019981  0.916697
-0.009981  0.916844
0.000019  0.916893
0.010019  0.916844
0.020019  0.916696
0.030019  0.91645
0.040019  0.916106
0.050019  0.915664
0.060019  0.915125
0.070019  0.914487
0.080019  0.913752
0.090019  0.91292
0.100019  0.911991
0.110019  0.910965
0.120019  0.909842
0.130019  0.908624
0.140019  0.907311
0.150019  0.905902
0.160019  0.904398
0.170019  0.9028
0.180019  0.901109
0.190019  0.899324
0.200019  0.897447
0.210019  0.895478
0.220019  0.893417
0.230019  0.891266
0.240019  0.889026
0.250019  0.886695
0.260019  0.884277
0.270019  0.88177
0.280019  0.879177
0.290019  0.876498
0.300019  0.873734
0.310019  0.870885
0.320019  0.867953
0.330019  0.864939
0.340019  0.861843
0.350019  0.858667
0.360019  0.855411
0.370019  0.852077
0.380019  0.848665
0.390019  0.845178
0.400019  0.841615
0.410019  0.837978
0.420019  0.834268
0.430019  0.830486
0.440019  0.826634
0.450019  0.822713
0.460019  0.818724
0.470019  0.814668
0.480019  0.810546
0.490019  0.80636
0.500019  0.802111
0.510019  0.797801
0.520019  0.79343
0.530019  0.789
0.540019  0.784513
0.550019  0.77997
0.560019  0.775371
0.570019  0.77072
0.580019  0.766016
0.590019  0.761262
0.600019  0.756459
0.610019  0.751609
0.620019  0.746712
0.630019  0.74177
0.640019  0.736786
0.650019  0.731759
0.660019  0.726693
0.670019  0.721587
0.680019  0.716445
0.690019  0.711267
0.700019  0.706055
0.710019  0.70081
0.720019  0.695534
0.730019  0.690229
0.740019  0.684896
0.750019  0.679536
0.760019  0.674151
0.770019  0.668743
0.780019  0.663313
0.790019  0.657863
0.800019  0.652394
0.810019  0.646908
0.820019  0.641407
0.830019  0.635891
0.840019  0.630362
0.850019  0.624823
0.860019  0.619273
0.870019  0.613716
0.880019  0.608152
0.890019  0.602584
0.900019  0.597011
0.910019  0.591437
0.920019  0.585861
0.930019  0.580287
0.940019  0.574715
0.950019  0.569147
0.960019  0.563583
0.970019  0.558027
0.980018  0.552478
0.990018  0.546939
1.000018  0.54141
1.010018  0.535893
1.020018  0.53039
1.030018  0.524902
1.040018  0.51943
1.050018  0.513975
1.060018  0.508539
1.070018  0.503122
1.080018  0.497727
1.090018  0.492355
1.100018  0.487005
1.110018  0.481681
1.120018  0.476383
1.130018  0.471112
1.140018  0.465869
1.150018  0.460655
1.160018  0.455472
1.170018  0.45032
1.180018  0.445201
1.190018  0.440116
1.200018  0.435065
1.210018  0.43005
1.220018  0.425071
1.230018  0.420129
1.240018  0.415226
1.250018  0.410362
1.260018  0.405538
1.270018  0.400755
1.280018  0.396014
1.290018  0.391315
1.300018  0.38666
1.310018  0.382048
1.320018  0.377481
1.330018  0.372959
1.340018  0.368484
1.350018  0.364054
1.360018  0.359672
1.370018  0.355338
1.380018  0.351052
1.390018  0.346815
1.400018  0.342627
1.410018  0.338489
1.420018  0.334401
1.430018  0.330363
1.440018  0.326376
1.450018  0.322441
1.460018  0.318557
1.470018  0.314726
1.480018  0.310946
1.490018  0.307219
1.500018  0.303544
1.510018  0.299922
1.520018  0.296353
1.530018  0.292837
1.540018  0.289374
1.550018  0.285964
1.560018  0.282608
1.570018  0.279305
1.580018  0.276056
1.590018  0.272859
1.600018  0.269716
1.610018  0.266626
1.620018  0.263589
1.630018  0.260605
1.640018  0.257673
1.650018  0.254795
1.660018  0.251968
1.670018  0.249194
1.680018  0.246471
1.690018  0.2438
1.700018  0.241181
1.710018  0.238612
1.720018  0.236094
1.730018  0.233626
1.740018  0.231208
1.750018  0.22884
1.760018  0.22652
1.770018  0.224249
1.780018  0.222026
1.790018  0.219851
1.800018  0.217723
1.810018  0.215642
1.820018  0.213606
1.830018  0.211616
1.840018  0.209671
1.850018  0.20777
1.860018  0.205913
1.870018  0.204099
1.880018  0.202327
1.890018  0.200597
1.900018  0.198909
1.910018  0.19726
1.920018  0.195652
1.930018  0.194082
1.940018  0.19255
1.950018  0.191057
1.960018  0.189599
1.970018  0.188178
1.980018  0.186793
1.990018  0.185441
2.000018  0.184124
2.010018  0.18284
2.020018  0.181587
2.030018  0.180366
2.040018  0.179176
2.050018  0.178015
2.060018  0.176884
2.070018  0.17578
2.080018  0.174704
2.090018  0.173654
2.100018  0.17263
2.110018  0.171631
2.120018  0.170655
2.130018  0.169703
2.140018  0.168774
2.150017  0.167866
2.160017  0.166978
2.170017  0.166111
2.180017  0.165262
2.190017  0.164432
2.200017  0.163619
2.210017  0.162823
2.220017  0.162043
2.230017  0.161278
2.240017  0.160527
2.250017  0.15979
2.260017  0.159065
2.270017  0.158352
2.280017  0.157651
2.290017  0.156959
2.300017  0.156278
2.310017  0.155606
2.320017  0.154941
2.330017  0.154285
2.340017  0.153635
2.350017  0.152992
2.360017  0.152354
2.370017  0.151721
2.380017  0.151092
2.390017  0.150466
2.400017  0.149844
2.410017  0.149224
2.420017  0.148606
2.430017  0.147989
2.440017  0.147373
2.450017  0.146757
2.460017  0.14614
2.470017  0.145523
2.480017  0.144905
2.490017  0.144284
2.500017  0.143661
2.510017  0.143036
2.520017  0.142408
2.530017  0.141776
2.540017  0.14114
2.550017  0.1405
2.560017  0.139855
2.570017  0.139206
2.580017  0.138551
2.590017  0.137891
2.600017  0.137225
2.610017  0.136553
2.620017  0.135875
2.630017  0.135191
2.640017  0.1345
2.650017  0.133802
2.660017  0.133098
2.670017  0.132387
2.680017  0.131668
2.690017  0.130943
2.700017  0.13021
2.710017  0.12947
2.720017  0.128723
2.730017  0.127968
2.740017  0.127206
2.750017  0.126437
2.760017  0.125661
2.770017  0.124878
2.780017  0.124088
2.790017  0.123291
2.800017  0.122488
2.810017  0.121678
2.820017  0.120861
2.830017  0.120038
2.840017  0.119209
2.850017  0.118375
2.860017  0.117534
2.870017  0.116689
2.880017  0.115838
2.890017  0.114983
2.900017  0.114123
2.910017  0.113259
2.920017  0.112391
2.930017  0.111519
2.940017  0.110645
2.950017  0.109767
2.960017  0.108887
2.970017  0.108005
2.980017  0.107121
2.990017  0.106236
3.000017  0.10535
3.010017  0.104463
3.020017  0.103576
3.030017  0.10269
3.040017  0.101804
3.050017  0.10092
3.060017  0.100037
3.070017  0.0991565
3.080017  0.0982784
3.090017  0.0974034
3.100017  0.0965318
3.110017  0.0956641
3.120017  0.0948009
3.130017  0.0939425
3.140017  0.0930894
3.150017  0.0922421
3.160017  0.091401
3.170017  0.0905666
3.180017  0.0897393
3.190017  0.0889196
3.200016  0.088108
3.210016  0.0873047
3.220016  0.0865104
3.230016  0.0857254
3.240016  0.0849501
3.250016  0.0841849
3.260016  0.0834302
3.270016  0.0826865
3.280016  0.081954
3.290016  0.0812332
3.300016  0.0805243
3.310016  0.0798279
3.320016  0.0791441
3.330016  0.0784732
3.340016  0.0778157
3.350016  0.0771717
3.360016  0.0765415
3.370016  0.0759254
3.380016  0.0753237
3.390016  0.0747364
3.400016  0.0741639
3.410016  0.0736063
3.420016  0.0730638
3.430016  0.0725365
3.440016  0.0720245
3.450016  0.071528
3.460016  0.071047
3.470016  0.0705815
3.480016  0.0701317
3.490016  0.0696975
3.500016  0.0692789
3.510016  0.068876
3.520016  0.0684886
3.530016  0.0681166
3.540016  0.0677601
3.550016  0.0674188
3.560016  0.0670927
3.570016  0.0667815
3.580016  0.0664851
3.590016  0.0662033
3.600016  0.0659358
3.610016  0.0656825
3.620016  0.0654429
3.630016  0.0652168
3.640016  0.065004
3.650016  0.064804
3.660016  0.0646165
3.670016  0.0644411
3.680016  0.0642774
3.690016  0.064125
3.700016  0.0639834
3.710016  0.0638521
3.720016  0.0637308
3.730016  0.0636188
3.740016  0.0635157
3.750016  0.063421
3.760016  0.063334
3.770016  0.0632542
3.780016  0.0631811
3.790016  0.063114
3.800016  0.0630523
3.810016  0.0629955
3.820016  0.0629429
3.830016  0.0628938
3.840016  0.0628477
3.850016  0.0628038
3.860016  0.0627615
3.870016  0.0627202
3.880016  0.0626792
3.890016  0.0626378
3.900016  0.0625954
3.910016  0.0625513
3.920016  0.0625049
3.930016  0.0624554
3.940016  0.0624022
3.950016  0.0623448
3.960016  0.0622824
3.970016  0.0622144
3.980016  0.0621403
3.990016  0.0620594
4.000016  0.0619711
4.010016  0.0618749
4.020016  0.0617702
4.030016  0.0616565
4.040017  0.0615333
4.050017  0.0614001
4.060017  0.0612565
4.070017  0.061102
4.080018  0.0609362
4.090018  0.0607587
4.100018  0.0605693
4.110018  0.0603676
4.120018  0.0601534
4.130019  0.0599264
4.140019  0.0596864
4.150019  0.0594333
4.160019  0.059167
4.170020  0.0588874
4.180020  0.0585945
4.190020  0.0582883
4.200020  0.0579689
4.210021  0.0576364
4.220021  0.057291
4.230021  0.056933
4.240021  0.0565625
4.250021  0.0561799
4.260022  0.0557857
4.270022  0.0553802
4.280022  0.0549639
4.290022  0.0545373
4.300023  0.0541012
4.310023  0.053656
4.320023  0.0532026
4.330023  0.0527417
4.340024  0.0522741
4.350024  0.0518006
4.360024  0.0513222
4.370024  0.0508399
4.380024  0.0503547
4.390025  0.0498676
4.400025  0.0493797
4.410025  0.0488922
4.420025  0.0484063
4.430026  0.0479232
4.440026  0.0474442
4.450026  0.0469706
4.460026  0.0465037
4.470026  0.0460448
4.480027  0.0455952
4.490027  0.0451564
4.500027  0.0447298
4.510027  0.0443166
4.520028  0.0439183
4.530028  0.0435363
4.540028  0.0431718
4.550028  0.0428262
4.560029  0.0425007
4.570029  0.0421965
4.580029  0.0419149
4.590029  0.0416568
4.600029  0.0414234
4.610030  0.0412156
4.620030  0.0410341
4.630030  0.0408797
4.640030  0.040753
4.650031  0.0406543
4.660031  0.0405841
4.670031  0.0405422
4.680031  0.0405287
4.690032  0.0405433
4.700032  0.0405854
4.710032  0.0406541
4.720032  0.0407485
4.730032  0.0408671
4.740033  0.0410084
4.750033  0.0411701
4.760033  0.04135
4.770033  0.0415453
4.780034  0.0417527
4.790034  0.0419685
4.800034  0.0421887
4.810034  0.0424085
4.820035  0.0426227
4.830035  0.0428256
4.840035  0.0430107
4.850035  0.0431708
4.860035  0.0432984
4.870036  0.0433847
4.880036  0.0434206
4.890036  0.043396
4.900036  0.0432997
4.910037  0.04312
4.920037  0.0428439
4.930037  0.0424576
4.940037  0.041946
4.950037  0.0412931
4.960038  0.0404815
4.970038  0.0394928
4.980038  0.0383071
4.990038  0.0369031


-5.000000  0.0443913
-4.990000  0.0400359
-4.980000  0.036954
-4.969999  0.0349291
-4.959999  0.0337709
-4.949999  0.0333123
-4.939999  0.033408
-4.929998  0.0339315
-4.919998  0.0347743
-4.909998  0.0358433
-4.899998  0.0370596
-4.889997  0.038357
-4.879997  0.0396805
-4.869997  0.0409851
-4.859997  0.0422349
-4.849997  0.0434016
-4.839996  0.0444638
-4.829996  0.0454062
-4.819996  0.0462187
-4.809996  0.0468956
-4.799995  0.0474349
-4.789995  0.0478381
-4.779995  0.0481091
-4.769995  0.0482542
-4.759995  0.0482813
-4.749994  0.0481999
-4.739994  0.0480203
-4.729994  0.0477537
-4.719994  0.0474117
-4.709993  0.0470061
-4.699993  0.0465489
-4.689993  0.0460517
-4.679993  0.045526
-4.669992  0.044983
-4.659992  0.044433
-4.649992  0.0438861
-4.639992  0.0433515
-4.629992  0.0428378
-4.619991  0.0423527
-4.609991  0.0419033
-4.599991  0.0414958
-4.589991  0.0411355
-4.579990  0.0408271
-4.569990  0.0405745
-4.559990  0.0403807
-4.549990  0.0402481
-4.539989  0.0401783
-4.529989  0.0401722
-4.519989  0.0402301
-4.509989  0.0403518
-4.499989  0.0405365
-4.489988  0.0407827
-4.479988  0.0410886
-4.469988  0.0414519
-4.459988  0.0418701
-4.449987  0.04234
-4.439987  0.0428585
-4.429987  0.0434219
-4.419987  0.0440265
-4.409986  0.0446684
-4.399986  0.0453435
-4.389986  0.0460476
-4.379986  0.0467764
-4.369986  0.0475259
-4.359985  0.0482915
-4.349985  0.0490692
-4.339985  0.0498548
-4.329985  0.0506442
-4.319984  0.0514333
-4.309984  0.0522185
-4.299984  0.0529959
-4.289984  0.0537621
-4.279984  0.0545136
-4.269983  0.0552475
-4.259983  0.0559607
-4.249983  0.0566504
-4.239983  0.0573143
-4.229982  0.0579501
-4.219982  0.0585557
-4.209982  0.0591293
-4.199982  0.0596695
-4.189981  0.0601748
-4.179981  0.0606443
-4.169981  0.0610771
-4.159981  0.0614727
-4.149981  0.0618306
-4.139980  0.0621508
-4.129980  0.0624333
-4.119980  0.0626785
-4.109980  0.0628868
-4.099979  0.0630589
-4.089979  0.0631957
-4.079979  0.0632982
-4.069979  0.0633677
-4.059978  0.0634056
-4.049978  0.0634132
-4.039978  0.0633924
-4.029978  0.0633447
-4.019978  0.0632722
-4.009977  0.0631767
-3.999977  0.0630603
-3.989977  0.0629251
-3.979977  0.0627733
-3.969977  0.0626072
-3.959977  0.0624289
-3.949977  0.0622407
-3.939977  0.0620451
-3.929977  0.0618442
-3.919977  0.0616405
-3.909977  0.0614361
-3.899977  0.0612334
-3.889977  0.0610345
-3.879977  0.0608418
-3.869977  0.0606573
-3.859977  0.0604831
-3.849977  0.0603213
-3.839978  0.0601738
-3.829978  0.0600424
-3.819978  0.059929
-3.809978  0.0598353
-3.799978  0.0597628
-3.789978  0.0597131
-3.779978  0.0596876
-3.769978  0.0596876
-3.759978  0.0597143
-3.749978  0.0597688
-3.739978  0.059852
-3.729978  0.0599647
-3.719978  0.0601079
-3.709978  0.060282
-3.699978  0.0604876
-3.689978  0.060725
-3.679978  0.0609947
-3.669978  0.0612966
-3.659978  0.061631
-3.649978  0.0619977
-3.639978  0.0623965
-3.629978  0.0628273
-3.619978  0.0632897
-3.609978  0.0637831
-3.599978  0.0643071
-3.589978  0.0648609
-3.579978  0.0654438
-3.569978  0.0660551
-3.559978  0.0666938
-3.549978  0.0673588
-3.539978  0.0680492
-3.529978  0.0687639
-3.519978  0.0695016
-3.509978  0.0702612
-3.499978  0.0710413
-3.489978  0.0718405
-3.479978  0.0726576
-3.469978  0.0734911
-3.459978  0.0743396
-3.449978  0.0752016
-3.439978  0.0760755
-3.429978  0.07696
-3.419978  0.0778534
-3.409978  0.0787543
-3.399978  0.0796611
-3.389978  0.0805724
-3.379978  0.0814865
-3.369978  0.0824021
-3.359978  0.0833176
-3.349978  0.0842316
-3.339978  0.0851427
-3.329978  0.0860493
-3.319978  0.0869503
-3.309978  0.0878443
-3.299978  0.08873
-3.289978  0.0896061
-3.279978  0.0904715
-3.269978  0.091325
-3.259978  0.0921656
-3.249978  0.0929922
-3.239978  0.0938039
-3.229978  0.0945998
-3.219978  0.095379
-3.209978  0.0961409
-3.199978  0.0968846
-3.189978  0.0976095
-3.179978  0.0983151
-3.169978  0.099001
-3.159978  0.0996666
-3.149978  0.100312
-3.139978  0.100936
-3.129978  0.101539
-3.119978  0.102121
-3.109978  0.102682
-3.099978  0.103222
-3.089978  0.10374
-3.079978  0.104238
-3.069978  0.104715
-3.059978  0.105172
-3.049978  0.105608
-3.039978  0.106026
-3.029978  0.106424
-3.019978  0.106803
-3.009978  0.107165
-2.999978  0.10751
-2.989978  0.107838
-2.979978  0.108151
-2.969978  0.108449
-2.959978  0.108733
-2.949978  0.109005
-2.939978  0.109264
-2.929978  0.109513
-2.919978  0.109752
-2.909978  0.109982
-2.899978  0.110205
-2.889978  0.110422
-2.879978  0.110634
-2.869978  0.110842
-2.859978  0.111047
-2.849978  0.111252
-2.839978  0.111456
-2.829978  0.111662
-2.819978  0.11187
-2.809978  0.112083
-2.799978  0.112301
-2.789979  0.112525
-2.779979  0.112758
-2.769979  0.113
-2.759979  0.113252
-2.749979  0.113517
-2.739979  0.113795
-2.729979  0.114087
-2.719979  0.114395
-2.709979  0.114721
-2.699979  0.115064
-2.689979  0.115427
-2.679979  0.11581
-2.669979  0.116215
-2.659979  0.116643
-2.649979  0.117095
-2.639979  0.117571
-2.629979  0.118073
-2.619979  0.118602
-2.609979  0.119159
-2.599979  0.119743
-2.589979  0.120357
-2.579979  0.121001
-2.569979  0.121676
-2.559979  0.122381
-2.549979  0.123119
-2.539979  0.123889
-2.529979  0.124691
-2.519979  0.125527
-2.509979  0.126397
-2.499979  0.1273
-2.489979  0.128238
-2.479979  0.12921
-2.469979  0.130217
-2.459979  0.131258
-2.449979  0.132334
-2.439979  0.133444
-2.429979  0.134589
-2.419979  0.135769
-2.409979  0.136983
-2.399979  0.138231
-2.389979  0.139512
-2.379979  0.140828
-2.369979  0.142176
-2.359979  0.143557
-2.349979  0.14497
-2.339979  0.146414
-2.329979  0.14789
-2.319979  0.149396
-2.309979  0.150933
-2.299979  0.152498
-2.289979  0.154092
-2.279979  0.155713
-2.269979  0.157362
-2.259979  0.159036
-2.249979  0.160736
-2.239979  0.16246
-2.229979  0.164208
-2.219979  0.165979
-2.209979  0.167771
-2.199979  0.169584
-2.189979  0.171416
-2.179979  0.173268
-2.169979  0.175137
-2.159979  0.177024
-2.149979  0.178926
-2.139979  0.180843
-2.129979  0.182774
-2.119979  0.184717
-2.109979  0.186673
-2.099979  0.18864
-2.089979  0.190616
-2.079979  0.192602
-2.069979  0.194596
-2.059979  0.196597
-2.049979  0.198604
-2.039979  0.200616
-2.029979  0.202633
-2.019979  0.204654
-2.009979  0.206678
-1.999979  0.208704
-1.989979  0.210731
-1.979979  0.212759
-1.969979  0.214788
-1.959979  0.216815
-1.949979  0.218842
-1.939979  0.220866
-1.929979  0.222889
-1.919979  0.224909
-1.909979  0.226926
-1.899979  0.22894
-1.889979  0.230949
-1.879979  0.232955
-1.869979  0.234957
-1.859979  0.236955
-1.849979  0.238948
-1.839979  0.240937
-1.829979  0.242921
-1.819979  0.244901
-1.809979  0.246877
-1.799979  0.248849
-1.789979  0.250817
-1.779979  0.252781
-1.769979  0.254743
-1.759979  0.256701
-1.749979  0.258658
-1.739980  0.260613
-1.729980  0.262566
-1.719980  0.26452
-1.709980  0.266473
-1.699980  0.268428
-1.689980  0.270384
-1.679980  0.272343
-1.669980  0.274305
-1.659980  0.276272
-1.649980  0.278245
-1.639980  0.280224
-1.629980  0.282211
-1.619980  0.284207
-1.609980  0.286213
-1.599980  0.288231
-1.589980  0.290261
-1.579980  0.292305
-1.569980  0.294365
-1.559980  0.296441
-1.549980  0.298535
-1.539980  0.30065
-1.529980  0.302785
-1.519980  0.304944
-1.509980  0.307126
-1.499980  0.309335
-1.489980  0.311571
-1.479980  0.313836
-1.469980  0.316132
-1.459980  0.318461
-1.449980  0.320823
-1.439980  0.323222
-1.429980  0.325658
-1.419980  0.328133
-1.409980  0.330648
-1.399980  0.333207
-1.389980  0.335809
-1.379980  0.338458
-1.369980  0.341154
-1.359980  0.343899
-1.349980  0.346694
-1.339980  0.349543
-1.329980  0.352445
-1.319980  0.355402
-1.309980  0.358417
-1.299980  0.36149
-1.289980  0.364624
-1.279980  0.367818
-1.269980  0.371076
-1.259980  0.374398
-1.249980  0.377785
-1.239980  0.381239
-1.229980  0.384761
-1.219980  0.388352
-1.209980  0.392013
-1.199980  0.395745
-1.189980  0.39955
-1.179980  0.403428
-1.169980  0.40738
-1.159980  0.411407
-1.149980  0.415509
-1.139980  0.419687
-1.129980  0.423942
-1.119980  0.428275
-1.109980  0.432685
-1.099980  0.437173
-1.089980  0.441739
-1.079980  0.446384
-1.069980  0.451107
-1.059980  0.455909
-1.049980  0.46079
-1.039980  0.465749
-1.029980  0.470786
-1.019980  0.475901
-1.009980  0.481094
-0.999980  0.486363
-0.989980  0.491709
-0.979980  0.49713
-0.969980  0.502626
-0.959980  0.508196
-0.949980  0.513839
-0.939980  0.519554
-0.929980  0.52534
-0.919980  0.531195
-0.909980  0.537118
-0.899980  0.543108
-0.889980  0.549163
-0.879980  0.555282
-0.869980  0.561463
-0.859980  0.567704
-0.849980  0.574003
-0.839980  0.580358
-0.829980  0.586767
-0.819980  0.593228
-0.809980  0.599739
-0.799980  0.606297
-0.789980  0.612901
-0.779980  0.619546
-0.769980  0.626232
-0.759980  0.632955
-0.749980  0.639712
-0.739980  0.646501
-0.729980  0.653319
-0.719980  0.660164
-0.709980  0.66703
-0.699980  0.673917
-0.689981  0.680821
-0.679981  0.687738
-0.669981  0.694665
-0.659981  0.7016
-0.649981  0.708538
-0.639981  0.715476
-0.629981  0.722411
-0.619981  0.72934
-0.609981  0.736258
-0.599981  0.743162
-0.589981  0.750049
-0.579981  0.756914
-0.569981  0.763755
-0.559981  0.770568
-0.549981  0.777348
-0.539981  0.784093
-0.529981  0.790798
-0.519981  0.79746
-0.509981  0.804074
-0.499981  0.810637
-0.489981  0.817146
-0.479981  0.823597
-0.469981  0.829985
-0.459981  0.836307
-0.449981  0.84256
-0.439981  0.848739
-0.429981  0.854841
-0.419981  0.860862
-0.409981  0.866799
-0.399981  0.872647
-0.389981  0.878404
-0.379981  0.884066
-0.369981  0.889629
-0.359981  0.89509
-0.349981  0.900446
-0.339981  0.905692
-0.329981  0.910826
-0.319981  0.915845
-0.309981  0.920744
-0.299981  0.925522
-0.289981  0.930175
-0.279981  0.9347
-0.269981  0.939095
-0.259981  0.943355
-0.249981  0.947479
-0.239981  0.951464
-0.229981  0.955307
-0.219981  0.959006
-0.209981  0.962558
-0.199981  0.965961
-0.189981  0.969213
-0.179981  0.972311
-0.169981  0.975254
-0.159981  0.978039
-0.149981  0.980665
-0.139981  0.98313
-0.129981  0.985432
-0.119981  0.98757
-0.109981  0.989542
-0.099981  0.991347
-0.089981  0.992984
-0.079981  0.994452
-0.069981  0.995749
-0.059981  0.996875
-0.049981  0.997828
-0.039981  0.99861
-0.029981  0.999218
-0.019981  0.999653
-0.009981  0.999913
0.000019  1
0.010019  0.999913
0.020019  0.999651
0.030019  0.999216
0.040019  0.998607
0.050019  0.997825
0.060019  0.996871
0.070019  0.995744
0.080019  0.994446
0.090019  0.992978
0.100019  0.991341
0.110019  0.989535
0.120019  0.987562
0.130019  0.985424
0.140019  0.983121
0.150019  0.980656
0.160019  0.978029
0.170019  0.975243
0.180019  0.9723
0.190019  0.969201
0.200019  0.965949
0.210019  0.962545
0.220019  0.958992
0.230019  0.955293
0.240019  0.951449
0.250019  0.947464
0.260019  0.943339
0.270019  0.939078
0.280019  0.934683
0.290019  0.930158
0.300019  0.925504
0.310019  0.920726
0.320019  0.915826
0.330019  0.910807
0.340019  0.905672
0.350019  0.900425
0.360019  0.89507
0.370019  0.889608
0.380019  0.884045
0.390019  0.878383
0.400019  0.872625
0.410019  0.866776
0.420019  0.860839
0.430019  0.854818
0.440019  0.848715
0.450019  0.842536
0.460019  0.836283
0.470019  0.829961
0.480019  0.823572
0.490019  0.817122
0.500019  0.810612
0.510019  0.804049
0.520019  0.797434
0.530019  0.790772
0.540019  0.784067
0.550019  0.777323
0.560019  0.770542
0.570019  0.763729
0.580019  0.756888
0.590019  0.750022
0.600019  0.743135
0.610019  0.736231
0.620019  0.729313
0.630019  0.722385
0.640019  0.71545
0.650019  0.708511
0.660019  0.701573
0.670019  0.694639
0.680019  0.687712
0.690019  0.680794
0.700019  0.673891
0.710019  0.667004
0.720019  0.660137
0.730019  0.653293
0.740019  0.646475
0.750019  0.639686
0.760019  0.632929
0.770019  0.626206
0.780019  0.619521
0.790019  0.612875
0.800019  0.606272
0.810019  0.599714
0.820019  0.593203
0.830019  0.586742
0.840019  0.580333
0.850019  0.573978
0.860019  0.56768
0.870019  0.561439
0.880019  0.555259
0.890019  0.54914
0.900019  0.543085
0.910019  0.537095
0.920019  0.531172
0.930019  0.525317
0.940019  0.519532
0.950019  0.513817
0.960019  0.508175
0.970019  0.502605
0.980018  0.497109
0.990018  0.491688
1.000018  0.486343
1.010018  0.481074
1.020018  0.475881
1.030018  0.470767
1.040018  0.46573
1.050018  0.460771
1.060018  0.455891
1.070018  0.451089
1.080018  0.446366
1.090018  0.441721
1.100018  0.437155
1.110018  0.432668
1.120018  0.428258
1.130018  0.423926
1.140018  0.419671
1.150018  0.415493
1.160018  0.411391
1.170018  0.407365
1.180018  0.403413
1.190018  0.399535
1.200018  0.395731
1.210018  0.391999
1.220018  0.388338
1.230018  0.384747
1.240018  0.381226
1.250018  0.377772
1.260018  0.374385
1.270018  0.371063
1.280018  0.367806
1.290018  0.364612
1.300018  0.361479
1.310018  0.358406
1.320018  0.355391
1.330018  0.352434
1.340018  0.349532
1.350018  0.346684
1.360018  0.343888
1.370018  0.341143
1.380018  0.338448
1.390018  0.335799
1.400018  0.333197
1.410018  0.330639
1.420018  0.328123
1.430018  0.325648
1.440018  0.323213
1.450018  0.320814
1.460018  0.318452
1.470018  0.316123
1.480018  0.313828
1.490018  0.311562
1.500018  0.309326
1.510018  0.307118
1.520018  0.304935
1.530018  0.302777
1.540018  0.300642
1.550018  0.298527
1.560018  0.296433
1.570018  0.294357
1.580018  0.292297
1.590018  0.290253
1.600018  0.288223
1.610018  0.286206
1.620018  0.2842
1.630018  0.282204
1.640018  0.280217
1.650018  0.278237
1.660018  0.276265
1.670018  0.274298
1.680018  0.272335
1.690018  0.270376
1.700018  0.26842
1.710018  0.266466
1.720018  0.264512
1.730018  0.262559
1.740018  0.260605
1.750018  0.25865
1.760018  0.256694
1.770018  0.254735
1.780018  0.252774
1.790018  0.250809
1.800018  0.248841
1.810018  0.246869
1.820018  0.244894
1.830018  0.242913
1.840018  0.240929
1.850018  0.23894
1.860018  0.236947
1.870018  0.23495
1.880018  0.232948
1.890018  0.230942
1.900018  0.228932
1.910018  0.226918
1.920018  0.224901
1.930018  0.222881
1.940018  0.220859
1.950018  0.218834
1.960018  0.216807
1.970018  0.21478
1.980018  0.212752
1.990018  0.210724
2.000018  0.208696
2.010018  0.20667
2.020018  0.204647
2.030018  0.202626
2.040018  0.200609
2.050018  0.198596
2.060018  0.196589
2.070018  0.194588
2.080018  0.192594
2.090018  0.190609
2.100018  0.188632
2.110018  0.186665
2.120018  0.18471
2.130018  0.182766
2.140018  0.180835
2.150017  0.178918
2.160017  0.177016
2.170017  0.17513
2.180017  0.173261
2.190017  0.171409
2.200017  0.169577
2.210017  0.167764
2.220017  0.165972
2.230017  0.164201
2.240017  0.162454
2.250017  0.160729
2.260017  0.15903
2.270017  0.157355
2.280017  0.155707
2.290017  0.154086
2.300017  0.152492
2.310017  0.150927
2.320017  0.149391
2.330017  0.147884
2.340017  0.146409
2.350017  0.144964
2.360017  0.143551
2.370017  0.142171
2.380017  0.140822
2.390017  0.139507
2.400017  0.138226
2.410017  0.136978
2.420017  0.135764
2.430017  0.134585
2.440017  0.13344
2.450017  0.132329
2.460017  0.131254
2.470017  0.130213
2.480017  0.129206
2.490017  0.128234
2.500017  0.127297
2.510017  0.126393
2.520017  0.125524
2.530017  0.124688
2.540017  0.123886
2.550017  0.123116
2.560017  0.122379
2.570017  0.121673
2.580017  0.120999
2.590017  0.120355
2.600017  0.119741
2.610017  0.119156
2.620017  0.1186
2.630017  0.118071
2.640017  0.117569
2.650017  0.117093
2.660017  0.116642
2.670017  0.116214
2.680017  0.115809
2.690017  0.115426
2.700017  0.115063
2.710017  0.114719
2.720017  0.114394
2.730017  0.114086
2.740017  0.113794
2.750017  0.113516
2.760017  0.113251
2.770017  0.112999
2.780017  0.112757
2.790017  0.112524
2.800017  0.1123
2.810017  0.112082
2.820017  0.111869
2.830017  0.111661
2.840017  0.111455
2.850017  0.111251
2.860017  0.111047
2.870017  0.110841
2.880017  0.110633
2.890017  0.110421
2.900017  0.110204
2.910017  0.109981
2.920017  0.109751
2.930017  0.109512
2.940017  0.109263
2.950017  0.109003
2.960017  0.108732
2.970017  0.108448
2.980017  0.10815
2.990017  0.107837
3.000017  0.107509
3.010017  0.107164
3.020017  0.106802
3.030017  0.106422
3.040017  0.106024
3.050017  0.105607
3.060017  0.10517
3.070017  0.104713
3.080017  0.104236
3.090017  0.103738
3.100017  0.10322
3.110017  0.10268
3.120017  0.102119
3.130017  0.101537
3.140017  0.100934
3.150017  0.100309
3.160017  0.0996641
3.170017  0.0989984
3.180017  0.0983125
3.190017  0.0976068
3.200016  0.0968817
3.210016  0.096138
3.220016  0.0953761
3.230016  0.0945968
3.240016  0.0938008
3.250016  0.0929891
3.260016  0.0921624
3.270016  0.0913217
3.280016  0.0904682
3.290016  0.0896027
3.300016  0.0887266
3.310016  0.0878409
3.320016  0.0869469
3.330016  0.0860459
3.340016  0.0851392
3.350016  0.0842281
3.360016  0.0833141
3.370016  0.0823986
3.380016  0.081483
3.390016  0.0805689
3.400016  0.0796577
3.410016  0.0787508
3.420016  0.07785
3.430016  0.0769566
3.440016  0.0760721
3.450016  0.0751982
3.460016  0.0743363
3.470016  0.0734879
3.480016  0.0726545
3.490016  0.0718374
3.500016  0.0710382
3.510016  0.0702582
3.520016  0.0694988
3.530016  0.0687611
3.540016  0.0680465
3.550016  0.0673562
3.560016  0.0666913
3.570016  0.0660527
3.580016  0.0654416
3.590016  0.0648587
3.600016  0.064305
3.610016  0.0637812
3.620016  0.0632879
3.630016  0.0628256
3.640016  0.062395
3.650016  0.0619962
3.660016  0.0616296
3.670016  0.0612954
3.680016  0.0609936
3.690016  0.0607241
3.700016  0.0604867
3.710016  0.0602813
3.720016  0.0601073
3.730016  0.0599643
3.740016  0.0598516
3.750016  0.0597685
3.760016  0.0597142
3.770016  0.0596876
3.780016  0.0596877
3.790016  0.0597133
3.800016  0.059763
3.810016  0.0598356
3.820016  0.0599294
3.830016  0.0600429
3.840016  0.0601743
3.850016  0.0603219
3.860016  0.0604838
3.870016  0.060658
3.880016  0.0608425
3.890016  0.0610353
3.900016  0.0612341
3.910016  0.0614369
3.920016  0.0616412
3.930016  0.061845
3.940016  0.0620458
3.950016  0.0622415
3.960016  0.0624296
3.970016  0.0626078
3.980016  0.0627739
3.990016  0.0629257
4.000016  0.0630608
4.010016  0.0631771
4.020016  0.0632725
4.030016  0.063345
4.040017  0.0633925
4.050017  0.0634133
4.060017  0.0634055
4.070017  0.0633675
4.080018  0.0632979
4.090018  0.0631952
4.100018  0.0630583
4.110018  0.0628861
4.120018  0.0626776
4.130019  0.0624323
4.140019  0.0621497
4.150019  0.0618293
4.160019  0.0614712
4.170020  0.0610755
4.180020  0.0606426
4.190020  0.0601729
4.200020  0.0596674
4.210021  0.0591272
4.220021  0.0585534
4.230021  0.0579477
4.240021  0.0573118
4.250021  0.0566478
4.260022  0.0559579
4.270022  0.0552447
4.280022  0.0545108
4.290022  0.0537591
4.300023  0.0529929
4.310023  0.0522154
4.320023  0.0514303
4.330023  0.0506411
4.340024  0.0498518
4.350024  0.0490662
4.360024  0.0482885
4.370024  0.0475229
4.380024  0.0467736
4.390025  0.0460448
4.400025  0.0453408
4.410025  0.0446659
4.420025  0.0440241
4.430026  0.0434196
4.440026  0.0428564
4.450026  0.0423381
4.460026  0.0418683
4.470026  0.0414504
4.480027  0.0410873
4.490027  0.0407816
4.500027  0.0405356
4.510027  0.0403512
4.520028  0.0402298
4.530028  0.0401721
4.540028  0.0401784
4.550028  0.0402485
4.560029  0.0403814
4.570029  0.0405754
4.580029  0.0408282
4.590029  0.0411368
4.600029  0.0414973
4.610030  0.041905
4.620030  0.0423545
4.630030  0.0428397
4.640030  0.0433536
4.650031  0.0438882
4.660031  0.0444351
4.670031  0.0449851
4.680031  0.0455281
4.690032  0.0460537
4.700032  0.0465507
4.710032  0.0470078
4.720032  0.0474131
4.730032  0.0477549
4.740033  0.0480212
4.750033  0.0482004
4.760033  0.0482814
4.770033  0.0482539
4.780034  0.0481083
4.790034  0.0478368
4.800034  0.0474331
4.810034  0.0468932
4.820035  0.0462158
4.830035  0.0454028
4.840035  0.0444599
4.850035  0.0433972
4.860035  0.0422302
4.870036  0.0409802
4.880036  0.0396754
4.890036  0.0383519
4.900036  0.0370547
4.910037  0.0358388
4.920037  0.0347706
4.930037  0.0339288
4.940037  0.0334067
4.950037  0.033313
4.960038  0.0337739
4.970038  0.0349351
4.980038  0.0369637
4.990038  0.0400501


