-5.000000  0.0384615
-4.990000  0.0357911
-4.980000  0.0331642
-4.969999  0.0305807
-4.959999  0.0280404
-4.949999  0.025543
-4.939999  0.0230883
-4.929998  0.0206761
-4.919998  0.0183061
-4.909998  0.0159782
-4.899998  0.013692
-4.889997  0.0114474
-4.879997  0.00924411
-4.869997  0.00708195
-4.859997  0.00496068
-4.849997  0.00288007
-4.839996  0.000839905
-4.829996  -0.00116005
-4.819996  -0.00312001
-4.809996  -0.0050402
-4.799995  -0.00692085
-4.789995  -0.00876217
-4.779995  -0.0105644
-4.769995  -0.0123277
-4.759995  -0.0140524
-4.749994  -0.0157386
-4.739994  -0.0173866
-4.729994  -0.0189966
-4.719994  -0.0205689
-4.709993  -0.0221035
-4.699993  -0.0236008
-4.689993  -0.025061
-4.679993  -0.0264842
-4.669992  -0.0278708
-4.659992  -0.0292209
-4.649992  -0.0305347
-4.639992  -0.0318124
-4.629992  -0.0330543
-4.619991  -0.0342606
-4.609991  -0.0354315
-4.599991  -0.0365672
-4.589991  -0.0376679
-4.579990  -0.0387338
-4.569990  -0.0397651
-4.559990  -0.0407621
-4.549990  -0.041725
-4.539989  -0.0426539
-4.529989  -0.0435491
-4.519989  -0.0444108
-4.509989  -0.0452392
-4.499989  -0.0460345
-4.489988  -0.046797
-4.479988  -0.0475267
-4.469988  -0.048224
-4.459988  -0.048889
-4.449987  -0.0495219
-4.439987  -0.050123
-4.429987  -0.0506925
-4.419987  -0.0512305
-4.409986  -0.0517372
-4.399986  -0.0522129
-4.389986  -0.0526578
-4.379986  -0.0530721
-4.369986  -0.0534559
-4.359985  -0.0538095
-4.349985  -0.0541331
-4.339985  -0.0544269
-4.329985  -0.0546911
-4.319984  -0.0549258
-4.309984  -0.0551313
-4.299984  -0.0553078
-4.289984  -0.0554554
-4.279984  -0.0555744
-4.269983  -0.055665
-4.259983  -0.0557274
-4.249983  -0.0557618
-4.239983  -0.0557683
-4.229982  -0.0557471
-4.219982  -0.0556985
-4.209982  -0.0556227
-4.199982  -0.0555198
-4.189981  -0.05539
-4.179981  -0.0552336
-4.169981  -0.0550507
-4.159981  -0.0548415
-4.149981  -0.0546062
-4.139980  -0.0543451
-4.129980  -0.0540582
-4.119980  -0.0537458
-4.109980  -0.0534081
-4.099979  -0.0530452
-4.089979  -0.0526574
-4.079979  -0.0522448
-4.069979  -0.0518077
-4.059978  -0.0513462
-4.049978  -0.0508604
-4.039978  -0.0503507
-4.029978  -0.0498172
-4.019978  -0.04926
-4.009977  -0.0486794
-3.999977  -0.0480755
-3.989977  -0.0474486
-3.979977  -0.0467987
-3.969977  -0.0461262
-3.959977  -0.0454311
-3.949977  -0.0447137
-3.939977  -0.0439742
-3.929977  -0.0432126
-3.919977  -0.0424293
-3.909977  -0.0416243
-3.899977  -0.0407979
-3.889977  -0.0399503
-3.879977  -0.0390816
-3.869977  -0.0381919
-3.859977  -0.0372816
-3.849977  -0.0363508
-3.839978  -0.0353995
-3.829978  -0.0344281
-3.819978  -0.0334367
-3.809978  -0.0324255
-3.799978  -0.0313946
-3.789978  -0.0303442
-3.779978  -0.0292746
-3.769978  -0.0281858
-3.759978  -0.027078
-3.749978  -0.0259515
-3.739978  -0.0248063
-3.729978  -0.0236428
-3.719978  -0.022461
-3.709978  -0.021261
-3.699978  -0.0200432
-3.689978  -0.0188076
-3.679978  -0.0175545
-3.669978  -0.0162839
-3.659978  -0.0149961
-3.649978  -0.0136913
-3.639978  -0.0123695
-3.629978  -0.011031
-3.619978  -0.009676
-3.609978  -0.00830456
-3.599978  -0.00691689
-3.589978  -0.00551316
-3.579978  -0.00409354
-3.569978  -0.00265818
-3.559978  -0.00120726
-3.549978  0.000259056
-3.539978  0.00174061
-3.529978  0.00323724
-3.519978  0.00474878
-3.509978  0.00627506
-3.499978  0.00781593
-3.489978  0.00937122
-3.479978  0.0109408
-3.469978  0.0125244
-3.459978  0.014122
-3.449978  0.0157334
-3.439978  0.0173584
-3.429978  0.0189969
-3.419978  0.0206486
-3.409978  0.0223135
-3.399978  0.0239914
-3.389978  0.0256821
-3.379978  0.0273855
-3.369978  0.0291014
-3.359978  0.0308297
-3.349978  0.0325702
-3.339978  0.0343227
-3.329978  0.0360872
-3.319978  0.0378633
-3.309978  0.0396511
-3.299978  0.0414503
-3.289978  0.0432608
-3.279978  0.0450824
-3.269978  0.046915
-3.259978  0.0487584
-3.249978  0.0506126
-3.239978  0.0524772
-3.229978  0.0543522
-3.219978  0.0562374
-3.209978  0.0581328
-3.199978  0.060038
-3.189978  0.0619531
-3.179978  0.0638777
-3.169978  0.0658119
-3.159978  0.0677554
-3.149978  0.0697081
-3.139978  0.0716699
-3.129978  0.0736406
-3.119978  0.07562
-3.109978  0.077608
-3.099978  0.0796046
-3.089978  0.0816094
-3.079978  0.0836224
-3.069978  0.0856435
-3.059978  0.0876725
-3.049978  0.0897093
-3.039978  0.0917536
-3.029978  0.0938055
-3.019978  0.0958647
-3.009978  0.0979311
-2.999978  0.100005
-2.989978  0.102085
-2.979978  0.104172
-2.969978  0.106266
-2.959978  0.108366
-2.949978  0.110473
-2.939978  0.112586
-2.929978  0.114705
-2.919978  0.11683
-2.909978  0.118961
-2.899978  0.121097
-2.889978  0.123239
-2.879978  0.125387
-2.869978  0.127539
-2.859978  0.129697
-2.849978  0.13186
-2.839978  0.134028
-2.829978  0.136201
-2.819978  0.138378
-2.809978  0.14056
-2.799978  0.142746
-2.789979  0.144937
-2.779979  0.147131
-2.769979  0.14933
-2.759979  0.151532
-2.749979  0.153738
-2.739979  0.155948
-2.729979  0.158161
-2.719979  0.160378
-2.709979  0.162597
-2.699979  0.16482
-2.689979  0.167046
-2.679979  0.169275
-2.669979  0.171506
-2.659979  0.17374
-2.649979  0.175977
-2.639979  0.178216
-2.629979  0.180457
-2.619979  0.1827
-2.609979  0.184945
-2.599979  0.187192
-2.589979  0.189441
-2.579979  0.191692
-2.569979  0.193944
-2.559979  0.196197
-2.549979  0.198452
-2.539979  0.200708
-2.529979  0.202965
-2.519979  0.205222
-2.509979  0.207481
-2.499979  0.20974
-2.489979  0.212
-2.479979  0.214261
-2.469979  0.216521
-2.459979  0.218782
-2.449979  0.221043
-2.439979  0.223304
-2.429979  0.225565
-2.419979  0.227826
-2.409979  0.230086
-2.399979  0.232346
-2.389979  0.234606
-2.379979  0.236864
-2.369979  0.239122
-2.359979  0.241379
-2.349979  0.243636
-2.339979  0.245891
-2.329979  0.248144
-2.319979  0.250397
-2.309979  0.252648
-2.299979  0.254897
-2.289979  0.257145
-2.279979  0.259391
-2.269979  0.261635
-2.259979  0.263878
-2.249979  0.266118
-2.239979  0.268356
-2.229979  0.270592
-2.219979  0.272825
-2.209979  0.275056
-2.199979  0.277285
-2.189979  0.27951
-2.179979  0.281733
-2.169979  0.283953
-2.159979  0.28617
-2.149979  0.288384
-2.139979  0.290595
-2.129979  0.292803
-2.119979  0.295007
-2.109979  0.297208
-2.099979  0.299405
-2.089979  0.301598
-2.079979  0.303788
-2.069979  0.305974
-2.059979  0.308156
-2.049979  0.310333
-2.039979  0.312507
-2.029979  0.314676
-2.019979  0.316842
-2.009979  0.319002
-1.999979  0.321158
-1.989979  0.32331
-1.979979  0.325457
-1.969979  0.327599
-1.959979  0.329736
-1.949979  0.331868
-1.939979  0.333995
-1.929979  0.336117
-1.919979  0.338233
-1.909979  0.340345
-1.899979  0.342451
-1.889979  0.344551
-1.879979  0.346646
-1.869979  0.348735
-1.859979  0.350818
-1.849979  0.352896
-1.839979  0.354967
-1.829979  0.357033
-1.819979  0.359092
-1.809979  0.361145
-1.799979  0.363192
-1.789979  0.365232
-1.779979  0.367266
-1.769979  0.369294
-1.759979  0.371315
-1.749979  0.373329
-1.739980  0.375336
-1.729980  0.377337
-1.719980  0.37933
-1.709980  0.381317
-1.699980  0.383297
-1.689980  0.385269
-1.679980  0.387234
-1.669980  0.389192
-1.659980  0.391142
-1.649980  0.393085
-1.639980  0.39502
-1.629980  0.396948
-1.619980  0.398868
-1.609980  0.40078
-1.599980  0.402684
-1.589980  0.40458
-1.579980  0.406468
-1.569980  0.408349
-1.559980  0.410221
-1.549980  0.412085
-1.539980  0.41394
-1.529980  0.415787
-1.519980  0.417626
-1.509980  0.419456
-1.499980  0.421278
-1.489980  0.423091
-1.479980  0.424895
-1.469980  0.42669
-1.459980  0.428477
-1.449980  0.430255
-1.439980  0.432023
-1.429980  0.433783
-1.419980  0.435533
-1.409980  0.437275
-1.399980  0.439007
-1.389980  0.440729
-1.379980  0.442443
-1.369980  0.444146
-1.359980  0.445841
-1.349980  0.447526
-1.339980  0.449201
-1.329980  0.450866
-1.319980  0.452522
-1.309980  0.454168
-1.299980  0.455803
-1.289980  0.457429
-1.279980  0.459045
-1.269980  0.460651
-1.259980  0.462247
-1.249980  0.463833
-1.239980  0.465408
-1.229980  0.466973
-1.219980  0.468528
-1.209980  0.470072
-1.199980  0.471606
-1.189980  0.473129
-1.179980  0.474642
-1.169980  0.476144
-1.159980  0.477636
-1.149980  0.479116
-1.139980  0.480586
-1.129980  0.482045
-1.119980  0.483493
-1.109980  0.484931
-1.099980  0.486357
-1.089980  0.487772
-1.079980  0.489176
-1.069980  0.490569
-1.059980  0.491951
-1.049980  0.493321
-1.039980  0.49468
-1.029980  0.496028
-1.019980  0.497364
-1.009980  0.498689
-0.999980  0.500003
-0.989980  0.501304
-0.979980  0.502595
-0.969980  0.503873
-0.959980  0.50514
-0.949980  0.506396
-0.939980  0.507639
-0.929980  0.508871
-0.919980  0.510091
-0.909980  0.511299
-0.899980  0.512495
-0.889980  0.513679
-0.879980  0.514851
-0.869980  0.516011
-0.859980  0.517159
-0.849980  0.518295
-0.839980  0.519418
-0.829980  0.520529
-0.819980  0.521629
-0.809980  0.522715
-0.799980  0.52379
-0.789980  0.524852
-0.779980  0.525902
-0.769980  0.526939
-0.759980  0.527964
-0.749980  0.528976
-0.739980  0.529976
-0.729980  0.530963
-0.719980  0.531937
-0.709980  0.532899
-0.699980  0.533848
-0.689981  0.534785
-0.679981  0.535708
-0.669981  0.536619
-0.659981  0.537517
-0.649981  0.538403
-0.639981  0.539275
-0.629981  0.540135
-0.619981  0.540981
-0.609981  0.541815
-0.599981  0.542635
-0.589981  0.543443
-0.579981  0.544238
-0.569981  0.545019
-0.559981  0.545788
-0.549981  0.546543
-0.539981  0.547285
-0.529981  0.548014
-0.519981  0.54873
-0.509981  0.549432
-0.499981  0.550122
-0.489981  0.550798
-0.479981  0.55146
-0.469981  0.55211
-0.459981  0.552746
-0.449981  0.553369
-0.439981  0.553978
-0.429981  0.554574
-0.419981  0.555156
-0.409981  0.555725
-0.399981  0.556281
-0.389981  0.556823
-0.379981  0.557352
-0.369981  0.557867
-0.359981  0.558369
-0.349981  0.558857
-0.339981  0.559331
-0.329981  0.559792
-0.319981  0.560239
-0.309981  0.560673
-0.299981  0.561093
-0.289981  0.5615
-0.279981  0.561893
-0.269981  0.562272
-0.259981  0.562637
-0.249981  0.562989
-0.239981  0.563327
-0.229981  0.563651
-0.219981  0.563962
-0.209981  0.564259
-0.199981  0.564542
-0.189981  0.564811
-0.179981  0.565067
-0.169981  0.565309
-0.159981  0.565537
-0.149981  0.565751
-0.139981  0.565952
-0.129981  0.566139
-0.119981  0.566311
-0.109981  0.566471
-0.099981  0.566616
-0.089981  0.566747
-0.079981  0.566865
-0.069981  0.566969
-0.059981  0.567059
-0.049981  0.567135
-0.039981  0.567197
-0.029981  0.567245
-0.019981  0.56728
-0.009981  0.567301
0.000019  0.567308
0.010019  0.567301
0.020019  0.56728
0.030019  0.567245
0.040019  0.567197
0.050019  0.567134
0.060019  0.567058
0.070019  0.566968
0.080019  0.566864
0.090019  0.566747
0.100019  0.566615
0.110019  0.56647
0.120019  0.566311
0.130019  0.566138
0.140019  0.565951
0.150019  0.565751
0.160019  0.565536
0.170019  0.565308
0.180019  0.565066
0.190019  0.56481
0.200019  0.564541
0.210019  0.564258
0.220019  0.563961
0.230019  0.56365
0.240019  0.563326
0.250019  0.562988
0.260019  0.562636
0.270019  0.56227
0.280019  0.561891
0.290019  0.561498
0.300019  0.561092
0.310019  0.560672
0.320019  0.560238
0.330019  0.55979
0.340019  0.559329
0.350019  0.558855
0.360019  0.558367
0.370019  0.557865
0.380019  0.55735
0.390019  0.556821
0.400019  0.556279
0.410019  0.555723
0.420019  0.555154
0.430019  0.554572
0.440019  0.553976
0.450019  0.553366
0.460019  0.552743
0.470019  0.552107
0.480019  0.551458
0.490019  0.550795
0.500019  0.550119
0.510019  0.54943
0.520019  0.548727
0.530019  0.548011
0.540019  0.547282
0.550019  0.54654
0.560019  0.545785
0.570019  0.545016
0.580019  0.544235
0.590019  0.54344
0.600019  0.542632
0.610019  0.541812
0.620019  0.540978
0.630019  0.540131
0.640019  0.539272
0.650019  0.538399
0.660019  0.537514
0.670019  0.536616
0.680019  0.535705
0.690019  0.534781
0.700019  0.533845
0.710019  0.532895
0.720019  0.531933
0.730019  0.530959
0.740019  0.529972
0.750019  0.528972
0.760019  0.52796
0.770019  0.526935
0.780019  0.525898
0.790019  0.524848
0.800019  0.523786
0.810019  0.522711
0.820019  0.521624
0.830019  0.520525
0.840019  0.519414
0.850019  0.51829
0.860019  0.517154
0.870019  0.516007
0.880019  0.514846
0.890019  0.513674
0.900019  0.51249
0.910019  0.511294
0.920019  0.510086
0.930019  0.508866
0.940019  0.507635
0.950019  0.506391
0.960019  0.505136
0.970019  0.503869
0.980018  0.50259
0.990018  0.5013
1.000018  0.499998
1.010018  0.498684
1.020018  0.497359
1.030018  0.496023
1.040018  0.494675
1.050018  0.493316
1.060018  0.491945
1.070018  0.490564
1.080018  0.489171
1.090018  0.487767
1.100018  0.486351
1.110018  0.484925
1.120018  0.483488
1.130018  0.48204
1.140018  0.480581
1.150018  0.479111
1.160018  0.47763
1.170018  0.476139
1.180018  0.474636
1.190018  0.473124
1.200018  0.4716
1.210018  0.470066
1.220018  0.468522
1.230018  0.466967
1.240018  0.465402
1.250018  0.463827
1.260018  0.462241
1.270018  0.460645
1.280018  0.459039
1.290018  0.457423
1.300018  0.455797
1.310018  0.454161
1.320018  0.452515
1.330018  0.45086
1.340018  0.449194
1.350018  0.447519
1.360018  0.445834
1.370018  0.44414
1.380018  0.442436
1.390018  0.440723
1.400018  0.439
1.410018  0.437268
1.420018  0.435527
1.430018  0.433776
1.440018  0.432016
1.450018  0.430248
1.460018  0.42847
1.470018  0.426683
1.480018  0.424888
1.490018  0.423084
1.500018  0.421271
1.510018  0.419449
1.520018  0.417619
1.530018  0.41578
1.540018  0.413933
1.550018  0.412077
1.560018  0.410214
1.570018  0.408342
1.580018  0.406461
1.590018  0.404573
1.600018  0.402677
1.610018  0.400772
1.620018  0.39886
1.630018  0.39694
1.640018  0.395013
1.650018  0.393077
1.660018  0.391134
1.670018  0.389184
1.680018  0.387226
1.690018  0.385261
1.700018  0.383289
1.710018  0.381309
1.720018  0.379323
1.730018  0.377329
1.740018  0.375329
1.750018  0.373321
1.760018  0.371307
1.770018  0.369286
1.780018  0.367259
1.790018  0.365225
1.800018  0.363184
1.810018  0.361137
1.820018  0.359084
1.830018  0.357025
1.840018  0.354959
1.850018  0.352888
1.860018  0.35081
1.870018  0.348727
1.880018  0.346638
1.890018  0.344543
1.900018  0.342443
1.910018  0.340337
1.920018  0.338225
1.930018  0.336109
1.940018  0.333987
1.950018  0.33186
1.960018  0.329728
1.970018  0.32759
1.980018  0.325448
1.990018  0.323302
2.000018  0.32115
2.010018  0.318994
2.020018  0.316833
2.030018  0.314668
2.040018  0.312499
2.050018  0.310325
2.060018  0.308147
2.070018  0.305965
2.080018  0.303779
2.090018  0.30159
2.100018  0.299396
2.110018  0.297199
2.120018  0.294999
2.130018  0.292794
2.140018  0.290587
2.150017  0.288376
2.160017  0.286162
2.170017  0.283945
2.180017  0.281725
2.190017  0.279502
2.200017  0.277276
2.210017  0.275048
2.220017  0.272817
2.230017  0.270583
2.240017  0.268347
2.250017  0.266109
2.260017  0.263869
2.270017  0.261627
2.280017  0.259383
2.290017  0.257136
2.300017  0.254889
2.310017  0.252639
2.320017  0.250388
2.330017  0.248136
2.340017  0.245882
2.350017  0.243627
2.360017  0.241371
2.370017  0.239114
2.380017  0.236856
2.390017  0.234597
2.400017  0.232338
2.410017  0.230078
2.420017  0.227817
2.430017  0.225557
2.440017  0.223296
2.450017  0.221035
2.460017  0.218774
2.470017  0.216513
2.480017  0.214252
2.490017  0.211992
2.500017  0.209732
2.510017  0.207472
2.520017  0.205214
2.530017  0.202956
2.540017  0.200699
2.550017  0.198443
2.560017  0.196189
2.570017  0.193935
2.580017  0.191683
2.590017  0.189433
2.600017  0.187184
2.610017  0.184937
2.620017  0.182692
2.630017  0.180448
2.640017  0.178207
2.650017  0.175968
2.660017  0.173732
2.670017  0.171498
2.680017  0.169266
2.690017  0.167038
2.700017  0.164812
2.710017  0.162589
2.720017  0.160369
2.730017  0.158153
2.740017  0.155939
2.750017  0.15373
2.760017  0.151524
2.770017  0.149321
2.780017  0.147123
2.790017  0.144928
2.800017  0.142738
2.810017  0.140552
2.820017  0.13837
2.830017  0.136193
2.840017  0.13402
2.850017  0.131852
2.860017  0.129689
2.870017  0.127531
2.880017  0.125378
2.890017  0.123231
2.900017  0.121089
2.910017  0.118952
2.920017  0.116822
2.930017  0.114697
2.940017  0.112578
2.950017  0.110465
2.960017  0.108358
2.970017  0.106258
2.980017  0.104164
2.990017  0.102077
3.000017  0.0999965
3.010017  0.0979231
3.020017  0.0958567
3.030017  0.0937976
3.040017  0.0917458
3.050017  0.0897014
3.060017  0.0876647
3.070017  0.0856357
3.080017  0.0836147
3.090017  0.0816017
3.100017  0.0795969
3.110017  0.0776004
3.120017  0.0756124
3.130017  0.073633
3.140017  0.0716623
3.150017  0.0697006
3.160017  0.0677479
3.170017  0.0658045
3.180017  0.0638703
3.190017  0.0619457
3.200016  0.0600307
3.210016  0.0581255
3.220016  0.0562302
3.230016  0.054345
3.240016  0.05247
3.250016  0.0506054
3.260016  0.0487513
3.270016  0.046908
3.280016  0.0450754
3.290016  0.0432538
3.300016  0.0414434
3.310016  0.0396442
3.320016  0.0378565
3.330016  0.0360804
3.340016  0.034316
3.350016  0.0325635
3.360016  0.0308231
3.370016  0.0290948
3.380016  0.027379
3.390016  0.0256756
3.400016  0.0239849
3.410016  0.0223071
3.420016  0.0206422
3.430016  0.0189905
3.440016  0.0173521
3.450016  0.0157272
3.460016  0.0141159
3.470016  0.0125183
3.480016  0.0109347
3.490016  0.00936523
3.500016  0.00780999
3.510016  0.00626918
3.520016  0.00474295
3.530016  0.00323147
3.540016  0.0017349
3.550016  0.000253399
3.560016  -0.00121286
3.570016  -0.00266372
3.580016  -0.00409902
3.590016  -0.00551858
3.600016  -0.00692225
3.610016  -0.00830986
3.620016  -0.00968123
3.630016  -0.0110362
3.640016  -0.0123746
3.650016  -0.0136963
3.660016  -0.0150011
3.670016  -0.0162888
3.680016  -0.0175593
3.690016  -0.0188124
3.700016  -0.0200479
3.710016  -0.0212657
3.720016  -0.0224655
3.730016  -0.0236473
3.740016  -0.0248108
3.750016  -0.0259558
3.760016  -0.0270823
3.770016  -0.02819
3.780016  -0.0292787
3.790016  -0.0303483
3.800016  -0.0313986
3.810016  -0.0324294
3.820016  -0.0334406
3.830016  -0.0344319
3.840016  -0.0354032
3.850016  -0.0363544
3.860016  -0.0372852
3.870016  -0.0381954
3.880016  -0.0390849
3.890016  -0.0399536
3.900016  -0.0408011
3.910016  -0.0416274
3.920016  -0.0424323
3.930016  -0.0432156
3.940016  -0.043977
3.950016  -0.0447165
3.960016  -0.0454338
3.970016  -0.0461288
3.980016  -0.0468013
3.990016  -0.047451
4.000016  -0.0480779
4.010016  -0.0486817
4.020016  -0.0492622
4.030016  -0.0498193
4.040017  -0.0503527
4.050017  -0.0508624
4.060017  -0.051348
4.070017  -0.0518094
4.080018  -0.0522465
4.090018  -0.0526589
4.100018  -0.0530466
4.110018  -0.0534094
4.120018  -0.053747
4.130019  -0.0540593
4.140019  -0.0543461
4.150019  -0.0546072
4.160019  -0.0548424
4.170020  -0.0550515
4.180020  -0.0552343
4.190020  -0.0553906
4.200020  -0.0555202
4.210021  -0.055623
4.220021  -0.0556988
4.230021  -0.0557472
4.240021  -0.0557683
4.250021  -0.0557617
4.260022  -0.0557272
4.270022  -0.0556648
4.280022  -0.055574
4.290022  -0.0554549
4.300023  -0.0553071
4.310023  -0.0551305
4.320023  -0.0549249
4.330023  -0.0546901
4.340024  -0.0544258
4.350024  -0.0541319
4.360024  -0.0538082
4.370024  -0.0534545
4.380024  -0.0530706
4.390025  -0.0526562
4.400025  -0.0522112
4.410025  -0.0517353
4.420025  -0.0512284
4.430026  -0.0506903
4.440026  -0.0501207
4.450026  -0.0495195
4.460026  -0.0488865
4.470026  -0.0482213
4.480027  -0.0475239
4.490027  -0.0467941
4.500027  -0.0460315
4.510027  -0.0452361
4.520028  -0.0444076
4.530028  -0.0435458
4.540028  -0.0426504
4.550028  -0.0417213
4.560029  -0.0407584
4.570029  -0.0397612
4.580029  -0.0387297
4.590029  -0.0376637
4.600029  -0.0365629
4.610030  -0.035427
4.620030  -0.034256
4.630030  -0.0330496
4.640030  -0.0318076
4.650031  -0.0305297
4.660031  -0.0292157
4.670031  -0.0278655
4.680031  -0.0264788
4.690032  -0.0250554
4.700032  -0.0235951
4.710032  -0.0220977
4.720032  -0.0205629
4.730032  -0.0189905
4.740033  -0.0173804
4.750033  -0.0157322
4.760033  -0.0140458
4.770033  -0.012321
4.780034  -0.0105575
4.790034  -0.00875514
4.800034  -0.00691366
4.810034  -0.00503286
4.820035  -0.00311252
4.830035  -0.0011524
4.840035  0.000847707
4.850035  0.00288803
4.860035  0.0049688
4.870036  0.00709022
4.880036  0.00925254
4.890036  0.011456
4.900036  0.0137007
4.910037  0.0159871
4.920037  0.0183152
4.930037  0.0206853
4.940037  0.0230977
4.950037  0.0255526
4.960038  0.0280501
4.970038  0.0305906
4.980038  0.0331743
4.990038  0.0358013


-5.000000  0.0384615
-4.990000  0.192211
-4.980000  0.337577
-4.969999  0.474833
-4.959999  0.604248
-4.949999  0.726085
-4.939999  0.840598
-4.929998  0.94804
-4.919998  1.04865
-4.909998  1.14267
-4.899998  1.23034
-4.889997  1.31187
-4.879997  1.38749
-4.869997  1.45741
-4.859997  1.52185
-4.849997  1.58101
-4.839996  1.63508
-4.829996  1.68427
-4.819996  1.72877
-4.809996  1.76875
-4.799995  1.8044
-4.789995  1.83589
-4.779995  1.8634
-4.769995  1.88709
-4.759995  1.90711
-4.749994  1.92364
-4.739994  1.93682
-4.729994  1.94679
-4.719994  1.95372
-4.709993  1.95772
-4.699993  1.95895
-4.689993  1.95754
-4.679993  1.9536
-4.669992  1.94728
-4.659992  1.93868
-4.649992  1.92794
-4.639992  1.91516
-4.629992  1.90045
-4.619991  1.88392
-4.609991  1.86568
-4.599991  1.84583
-4.589991  1.82446
-4.579990  1.80167
-4.569990  1.77755
-4.559990  1.7522
-4.549990  1.72569
-4.539989  1.69812
-4.529989  1.66955
-4.519989  1.64007
-4.509989  1.60976
-4.499989  1.57869
-4.489988  1.54692
-4.479988  1.51452
-4.469988  1.48156
-4.459988  1.44811
-4.449987  1.41422
-4.439987  1.37995
-4.429987  1.34536
-4.419987  1.31049
-4.409986  1.27541
-4.399986  1.24016
-4.389986  1.2048
-4.379986  1.16935
-4.369986  1.13388
-4.359985  1.09842
-4.349985  1.06301
-4.339985  1.02769
-4.329985  0.992499
-4.319984  0.957469
-4.309984  0.922634
-4.299984  0.888026
-4.289984  0.853676
-4.279984  0.819612
-4.269983  0.785861
-4.259983  0.75245
-4.249983  0.719403
-4.239983  0.686742
-4.229982  0.654491
-4.219982  0.622669
-4.209982  0.591295
-4.199982  0.560388
-4.189981  0.529965
-4.179981  0.500041
-4.169981  0.470631
-4.159981  0.441748
-4.149981  0.413406
-4.139980  0.385615
-4.129980  0.358387
-4.119980  0.33173
-4.109980  0.305654
-4.099979  0.280166
-4.089979  0.255273
-4.079979  0.230982
-4.069979  0.207297
-4.059978  0.184224
-4.049978  0.161765
-4.039978  0.139925
-4.029978  0.118704
-4.019978  0.0981064
-4.009977  0.0781314
-3.999977  0.0587804
-3.989977  0.0400527
-3.979977  0.0219474
-3.969977  0.00446327
-3.959977  -0.0124016
-3.949977  -0.0286496
-3.939977  -0.0442836
-3.929977  -0.0593069
-3.919977  -0.0737234
-3.909977  -0.0875374
-3.899977  -0.100753
-3.889977  -0.113377
-3.879977  -0.125412
-3.869977  -0.136866
-3.859977  -0.147745
-3.849977  -0.158054
-3.839978  -0.167802
-3.829978  -0.176994
-3.819978  -0.185638
-3.809978  -0.193741
-3.799978  -0.201313
-3.789978  -0.20836
-3.779978  -0.214891
-3.769978  -0.220914
-3.759978  -0.226438
-3.749978  -0.231472
-3.739978  -0.236026
-3.729978  -0.240107
-3.719978  -0.243726
-3.709978  -0.246892
-3.699978  -0.249614
-3.689978  -0.251902
-3.679978  -0.253766
-3.669978  -0.255216
-3.659978  -0.256261
-3.649978  -0.256912
-3.639978  -0.257178
-3.629978  -0.25707
-3.619978  -0.256597
-3.609978  -0.255771
-3.599978  -0.2546
-3.589978  -0.253095
-3.579978  -0.251266
-3.569978  -0.249124
-3.559978  -0.246678
-3.549978  -0.243938
-3.539978  -0.240915
-3.529978  -0.237618
-3.519978  -0.234058
-3.509978  -0.230245
-3.499978  -0.226187
-3.489978  -0.221896
-3.479978  -0.21738
-3.469978  -0.21265
-3.459978  -0.207714
-3.449978  -0.202584
-3.439978  -0.197267
-3.429978  -0.191773
-3.419978  -0.186111
-3.409978  -0.180292
-3.399978  -0.174322
-3.389978  -0.168212
-3.379978  -0.16197
-3.369978  -0.155605
-3.359978  -0.149125
-3.349978  -0.142539
-3.339978  -0.135855
-3.329978  -0.129081
-3.319978  -0.122225
-3.309978  -0.115296
-3.299978  -0.1083
-3.289978  -0.101245
-3.279978  -0.0941396
-3.269978  -0.0869901
-3.259978  -0.0798041
-3.249978  -0.0725883
-3.239978  -0.0653499
-3.229978  -0.0580954
-3.219978  -0.0508315
-3.209978  -0.0435646
-3.199978  -0.036301
-3.189978  -0.0290467
-3.179978  -0.0218077
-3.169978  -0.0145899
-3.159978  -0.00739885
-3.149978  -0.000240084
-3.139978  0.00688107
-3.129978  0.0139594
-3.119978  0.02099
-3.109978  0.0279678
-3.099978  0.0348883
-3.089978  0.0417469
-3.079978  0.0485391
-3.069978  0.0552608
-3.059978  0.0619078
-3.049978  0.0684762
-3.039978  0.0749623
-3.029978  0.0813625
-3.019978  0.0876732
-3.009978  0.0938911
-2.999978  0.100013
-2.989978  0.106036
-2.979978  0.111958
-2.969978  0.117775
-2.959978  0.123484
-2.949978  0.129085
-2.939978  0.134573
-2.929978  0.139948
-2.919978  0.145207
-2.909978  0.150348
-2.899978  0.155369
-2.889978  0.16027
-2.879978  0.165048
-2.869978  0.169702
-2.859978  0.174232
-2.849978  0.178635
-2.839978  0.182911
-2.829978  0.18706
-2.819978  0.191081
-2.809978  0.194972
-2.799978  0.198734
-2.789979  0.202367
-2.779979  0.205869
-2.769979  0.209242
-2.759979  0.212485
-2.749979  0.215598
-2.739979  0.218582
-2.729979  0.221437
-2.719979  0.224163
-2.709979  0.226762
-2.699979  0.229232
-2.689979  0.231577
-2.679979  0.233796
-2.669979  0.23589
-2.659979  0.23786
-2.649979  0.239708
-2.639979  0.241434
-2.629979  0.243041
-2.619979  0.244529
-2.609979  0.2459
-2.599979  0.247156
-2.589979  0.248298
-2.579979  0.249328
-2.569979  0.250247
-2.559979  0.251058
-2.549979  0.251762
-2.539979  0.252361
-2.529979  0.252859
-2.519979  0.253255
-2.509979  0.253553
-2.499979  0.253756
-2.489979  0.253864
-2.479979  0.253881
-2.469979  0.253809
-2.459979  0.253651
-2.449979  0.253408
-2.439979  0.253083
-2.429979  0.252679
-2.419979  0.252199
-2.409979  0.251645
-2.399979  0.251019
-2.389979  0.250325
-2.379979  0.249565
-2.369979  0.248742
-2.359979  0.247858
-2.349979  0.246917
-2.339979  0.245921
-2.329979  0.244873
-2.319979  0.243777
-2.309979  0.242633
-2.299979  0.241447
-2.289979  0.24022
-2.279979  0.238955
-2.269979  0.237656
-2.259979  0.236325
-2.249979  0.234966
-2.239979  0.23358
-2.229979  0.232171
-2.219979  0.230743
-2.209979  0.229297
-2.199979  0.227837
-2.189979  0.226365
-2.179979  0.224885
-2.169979  0.2234
-2.159979  0.221911
-2.149979  0.220423
-2.139979  0.218938
-2.129979  0.217458
-2.119979  0.215988
-2.109979  0.214528
-2.099979  0.213083
-2.089979  0.211654
-2.079979  0.210246
-2.069979  0.208859
-2.059979  0.207497
-2.049979  0.206163
-2.039979  0.20486
-2.029979  0.203589
-2.019979  0.202353
-2.009979  0.201155
-1.999979  0.199998
-1.989979  0.198883
-1.979979  0.197813
-1.969979  0.196791
-1.959979  0.195819
-1.949979  0.194899
-1.939979  0.194033
-1.929979  0.193224
-1.919979  0.192474
-1.909979  0.191784
-1.899979  0.191158
-1.889979  0.190596
-1.879979  0.190102
-1.869979  0.189676
-1.859979  0.189321
-1.849979  0.189039
-1.839979  0.188831
-1.829979  0.1887
-1.819979  0.188646
-1.809979  0.188672
-1.799979  0.188779
-1.789979  0.188968
-1.779979  0.189242
-1.769979  0.189601
-1.759979  0.190047
-1.749979  0.190582
-1.739980  0.191206
-1.729980  0.19192
-1.719980  0.192727
-1.709980  0.193626
-1.699980  0.19462
-1.689980  0.195709
-1.679980  0.196893
-1.669980  0.198175
-1.659980  0.199554
-1.649980  0.201031
-1.639980  0.202608
-1.629980  0.204285
-1.619980  0.206062
-1.609980  0.207939
-1.599980  0.209919
-1.589980  0.212
-1.579980  0.214183
-1.569980  0.216469
-1.559980  0.218857
-1.549980  0.221349
-1.539980  0.223943
-1.529980  0.226641
-1.519980  0.229442
-1.509980  0.232346
-1.499980  0.235353
-1.489980  0.238463
-1.479980  0.241675
-1.469980  0.244991
-1.459980  0.248408
-1.449980  0.251927
-1.439980  0.255547
-1.429980  0.259269
-1.419980  0.26309
-1.409980  0.267012
-1.399980  0.271032
-1.389980  0.275151
-1.379980  0.279368
-1.369980  0.283682
-1.359980  0.288092
-1.349980  0.292597
-1.339980  0.297196
-1.329980  0.301888
-1.319980  0.306673
-1.309980  0.311549
-1.299980  0.316515
-1.289980  0.32157
-1.279980  0.326712
-1.269980  0.331941
-1.259980  0.337255
-1.249980  0.342652
-1.239980  0.348132
-1.229980  0.353693
-1.219980  0.359333
-1.209980  0.36505
-1.199980  0.370844
-1.189980  0.376713
-1.179980  0.382655
-1.169980  0.388668
-1.159980  0.394751
-1.149980  0.400901
-1.139980  0.407118
-1.129980  0.413399
-1.119980  0.419742
-1.109980  0.426146
-1.099980  0.432609
-1.089980  0.439128
-1.079980  0.445702
-1.069980  0.452328
-1.059980  0.459005
-1.049980  0.465731
-1.039980  0.472503
-1.029980  0.47932
-1.019980  0.486178
-1.009980  0.493077
-0.999980  0.500014
-0.989980  0.506986
-0.979980  0.513992
-0.969980  0.521029
-0.959980  0.528094
-0.949980  0.535187
-0.939980  0.542304
-0.929980  0.549443
-0.919980  0.556601
-0.909980  0.563777
-0.899980  0.570968
-0.889980  0.578171
-0.879980  0.585385
-0.869980  0.592607
-0.859980  0.599834
-0.849980  0.607064
-0.839980  0.614295
-0.829980  0.621524
-0.819980  0.628749
-0.809980  0.635967
-0.799980  0.643177
-0.789980  0.650375
-0.779980  0.657559
-0.769980  0.664726
-0.759980  0.671876
-0.749980  0.679003
-0.739980  0.686108
-0.729980  0.693186
-0.719980  0.700236
-0.709980  0.707256
-0.699980  0.714242
-0.689981  0.721192
-0.679981  0.728105
-0.669981  0.734977
-0.659981  0.741807
-0.649981  0.748592
-0.639981  0.755329
-0.629981  0.762017
-0.619981  0.768653
-0.609981  0.775235
-0.599981  0.78176
-0.589981  0.788226
-0.579981  0.794632
-0.569981  0.800974
-0.559981  0.807251
-0.549981  0.81346
-0.539981  0.819599
-0.529981  0.825667
-0.519981  0.831661
-0.509981  0.837579
-0.499981  0.843419
-0.489981  0.849178
-0.479981  0.854856
-0.469981  0.860449
-0.459981  0.865957
-0.449981  0.871376
-0.439981  0.876706
-0.429981  0.881944
-0.419981  0.887088
-0.409981  0.892138
-0.399981  0.89709
-0.389981  0.901943
-0.379981  0.906696
-0.369981  0.911347
-0.359981  0.915894
-0.349981  0.920335
-0.339981  0.92467
-0.329981  0.928896
-0.319981  0.933012
-0.309981  0.937017
-0.299981  0.94091
-0.289981  0.944688
-0.279981  0.94835
-0.269981  0.951896
-0.259981  0.955324
-0.249981  0.958633
-0.239981  0.961822
-0.229981  0.964889
-0.219981  0.967833
-0.209981  0.970654
-0.199981  0.973351
-0.189981  0.975922
-0.179981  0.978367
-0.169981  0.980684
-0.159981  0.982873
-0.149981  0.984934
-0.139981  0.986865
-0.129981  0.988665
-0.119981  0.990335
-0.109981  0.991874
-0.099981  0.99328
-0.089981  0.994554
-0.079981  0.995695
-0.069981  0.996703
-0.059981  0.997577
-0.049981  0.998317
-0.039981  0.998923
-0.029981  0.999394
-0.019981  0.999731
-0.009981  0.999933
0.000019  1
0.010019  0.999932
0.020019  0.99973
0.030019  0.999393
0.040019  0.998921
0.050019  0.998314
0.060019  0.997574
0.070019  0.996699
0.080019  0.995691
0.090019  0.99455
0.100019  0.993275
0.110019  0.991868
0.120019  0.990329
0.130019  0.988659
0.140019  0.986858
0.150019  0.984926
0.160019  0.982865
0.170019  0.980675
0.180019  0.978357
0.190019  0.975912
0.200019  0.973341
0.210019  0.970644
0.220019  0.967822
0.230019  0.964877
0.240019  0.96181
0.250019  0.958621
0.260019  0.955312
0.270019  0.951883
0.280019  0.948337
0.290019  0.944674
0.300019  0.940895
0.310019  0.937002
0.320019  0.932997
0.330019  0.92888
0.340019  0.924653
0.350019  0.920318
0.360019  0.915876
0.370019  0.911329
0.380019  0.906678
0.390019  0.901925
0.400019  0.897071
0.410019  0.892119
0.420019  0.887069
0.430019  0.881924
0.440019  0.876686
0.450019  0.871356
0.460019  0.865936
0.470019  0.860428
0.480019  0.854834
0.490019  0.849156
0.500019  0.843396
0.510019  0.837556
0.520019  0.831638
0.530019  0.825644
0.540019  0.819576
0.550019  0.813436
0.560019  0.807227
0.570019  0.80095
0.580019  0.794607
0.590019  0.788201
0.600019  0.781735
0.610019  0.77521
0.620019  0.768628
0.630019  0.761992
0.640019  0.755304
0.650019  0.748566
0.660019  0.741781
0.670019  0.734951
0.680019  0.728079
0.690019  0.721166
0.700019  0.714215
0.710019  0.707229
0.720019  0.700209
0.730019  0.693159
0.740019  0.686081
0.750019  0.678976
0.760019  0.671848
0.770019  0.664699
0.780019  0.657531
0.790019  0.650347
0.800019  0.643149
0.810019  0.63594
0.820019  0.628721
0.830019  0.621496
0.840019  0.614267
0.850019  0.607036
0.860019  0.599806
0.870019  0.592579
0.880019  0.585357
0.890019  0.578144
0.900019  0.57094
0.910019  0.563749
0.920019  0.556574
0.930019  0.549415
0.940019  0.542276
0.950019  0.53516
0.960019  0.528067
0.970019  0.521002
0.980018  0.513965
0.990018  0.506959
1.000018  0.499987
1.010018  0.493051
1.020018  0.486152
1.030018  0.479294
1.040018  0.472477
1.050018  0.465705
1.060018  0.45898
1.070018  0.452303
1.080018  0.445677
1.090018  0.439103
1.100018  0.432584
1.110018  0.426122
1.120018  0.419718
1.130018  0.413375
1.140018  0.407094
1.150018  0.400878
1.160018  0.394727
1.170018  0.388645
1.180018  0.382632
1.190018  0.376691
1.200018  0.370822
1.210018  0.365028
1.220018  0.359311
1.230018  0.353671
1.240018  0.348111
1.250018  0.342631
1.260018  0.337234
1.270018  0.331921
1.280018  0.326692
1.290018  0.32155
1.300018  0.316496
1.310018  0.31153
1.320018  0.306655
1.330018  0.30187
1.340018  0.297178
1.350018  0.292579
1.360018  0.288074
1.370018  0.283665
1.380018  0.279352
1.390018  0.275135
1.400018  0.271017
1.410018  0.266997
1.420018  0.263075
1.430018  0.259254
1.440018  0.255533
1.450018  0.251913
1.460018  0.248395
1.470018  0.244978
1.480018  0.241663
1.490018  0.238451
1.500018  0.235341
1.510018  0.232334
1.520018  0.229431
1.530018  0.22663
1.540018  0.223933
1.550018  0.221339
1.560018  0.218848
1.570018  0.21646
1.580018  0.214174
1.590018  0.211992
1.600018  0.209911
1.610018  0.207932
1.620018  0.206055
1.630018  0.204278
1.640018  0.202602
1.650018  0.201026
1.660018  0.199548
1.670018  0.19817
1.680018  0.196889
1.690018  0.195704
1.700018  0.194616
1.710018  0.193623
1.720018  0.192724
1.730018  0.191917
1.740018  0.191203
1.750018  0.190579
1.760018  0.190045
1.770018  0.1896
1.780018  0.189241
1.790018  0.188967
1.800018  0.188778
1.810018  0.188672
1.820018  0.188646
1.830018  0.1887
1.840018  0.188832
1.850018  0.18904
1.860018  0.189322
1.870018  0.189677
1.880018  0.190103
1.890018  0.190598
1.900018  0.19116
1.910018  0.191787
1.920018  0.192476
1.930018  0.193227
1.940018  0.194036
1.950018  0.194902
1.960018  0.195823
1.970018  0.196795
1.980018  0.197817
1.990018  0.198887
2.000018  0.200002
2.010018  0.20116
2.020018  0.202358
2.030018  0.203594
2.040018  0.204865
2.050018  0.206169
2.060018  0.207503
2.070018  0.208864
2.080018  0.210251
2.090018  0.21166
2.100018  0.213088
2.110018  0.214534
2.120018  0.215993
2.130018  0.217464
2.140018  0.218944
2.150017  0.220429
2.160017  0.221917
2.170017  0.223405
2.180017  0.224891
2.190017  0.226371
2.200017  0.227842
2.210017  0.229302
2.220017  0.230748
2.230017  0.232177
2.240017  0.233585
2.250017  0.234971
2.260017  0.236331
2.270017  0.237661
2.280017  0.23896
2.290017  0.240225
2.300017  0.241452
2.310017  0.242638
2.320017  0.243781
2.330017  0.244878
2.340017  0.245925
2.350017  0.246921
2.360017  0.247862
2.370017  0.248745
2.380017  0.249568
2.390017  0.250328
2.400017  0.251022
2.410017  0.251647
2.420017  0.252201
2.430017  0.252681
2.440017  0.253084
2.450017  0.253409
2.460017  0.253651
2.470017  0.25381
2.480017  0.253881
2.490017  0.253864
2.500017  0.253755
2.510017  0.253553
2.520017  0.253254
2.530017  0.252857
2.540017  0.252359
2.550017  0.251759
2.560017  0.251055
2.570017  0.250244
2.580017  0.249324
2.590017  0.248294
2.600017  0.247151
2.610017  0.245895
2.620017  0.244524
2.630017  0.243035
2.640017  0.241428
2.650017  0.239701
2.660017  0.237853
2.670017  0.235882
2.680017  0.233787
2.690017  0.231568
2.700017  0.229223
2.710017  0.226752
2.720017  0.224153
2.730017  0.221426
2.740017  0.218571
2.750017  0.215587
2.760017  0.212473
2.770017  0.209229
2.780017  0.205856
2.790017  0.202353
2.800017  0.19872
2.810017  0.194957
2.820017  0.191065
2.830017  0.187045
2.840017  0.182895
2.850017  0.178618
2.860017  0.174214
2.870017  0.169685
2.880017  0.16503
2.890017  0.160251
2.900017  0.15535
2.910017  0.150328
2.920017  0.145187
2.930017  0.139927
2.940017  0.134552
2.950017  0.129063
2.960017  0.123463
2.970017  0.117752
2.980017  0.111935
2.990017  0.106013
3.000017  0.0999899
3.010017  0.0938674
3.020017  0.0876491
3.030017  0.0813381
3.040017  0.0749376
3.050017  0.0684512
3.060017  0.0618824
3.070017  0.0552351
3.080017  0.0485132
3.090017  0.0417207
3.100017  0.0348619
3.110017  0.0279412
3.120017  0.0209631
3.130017  0.0139323
3.140017  0.00685381
3.150017  -0.000267495
3.160017  -0.00742639
3.170017  -0.0146175
3.180017  -0.0218355
3.190017  -0.0290745
3.200016  -0.0363288
3.210016  -0.0435925
3.220016  -0.0508594
3.230016  -0.0581233
3.240016  -0.0653777
3.250016  -0.0726161
3.260016  -0.0798317
3.270016  -0.0870177
3.280016  -0.094167
3.290016  -0.101272
3.300016  -0.108327
3.310016  -0.115322
3.320016  -0.122252
3.330016  -0.129107
3.340016  -0.135881
3.350016  -0.142565
3.360016  -0.14915
3.370016  -0.15563
3.380016  -0.161994
3.390016  -0.168236
3.400016  -0.174345
3.410016  -0.180314
3.420016  -0.186133
3.430016  -0.191794
3.440016  -0.197287
3.450016  -0.202604
3.460016  -0.207734
3.470016  -0.212668
3.480016  -0.217398
3.490016  -0.221912
3.500016  -0.226203
3.510016  -0.23026
3.520016  -0.234072
3.530016  -0.237632
3.540016  -0.240927
3.550016  -0.243949
3.560016  -0.246688
3.570016  -0.249133
3.580016  -0.251274
3.590016  -0.253101
3.600016  -0.254605
3.610016  -0.255774
3.620016  -0.2566
3.630016  -0.257071
3.640016  -0.257178
3.650016  -0.25691
3.660016  -0.256258
3.670016  -0.255211
3.680016  -0.25376
3.690016  -0.251894
3.700016  -0.249604
3.710016  -0.24688
3.720016  -0.243713
3.730016  -0.240092
3.740016  -0.236009
3.750016  -0.231454
3.760016  -0.226418
3.770016  -0.220892
3.780016  -0.214866
3.790016  -0.208334
3.800016  -0.201285
3.810016  -0.193711
3.820016  -0.185606
3.830016  -0.176959
3.840016  -0.167765
3.850016  -0.158016
3.860016  -0.147704
3.870016  -0.136823
3.880016  -0.125367
3.890016  -0.113329
3.900016  -0.100704
3.910016  -0.0874855
3.920016  -0.0736693
3.930016  -0.0592504
3.940016  -0.0442247
3.950016  -0.0285884
3.960016  -0.012338
3.970016  0.0045292
3.980016  0.0220157
3.990016  0.0401234
4.000016  0.0588535
4.010016  0.0782074
4.020016  0.0981847
4.030016  0.118785
4.040017  0.140008
4.050017  0.161851
4.060017  0.184311
4.070017  0.207387
4.080018  0.231074
4.090018  0.255368
4.100018  0.280263
4.110018  0.305753
4.120018  0.331832
4.130019  0.358491
4.140019  0.385721
4.150019  0.413514
4.160019  0.441859
4.170020  0.470743
4.180020  0.500155
4.190020  0.530081
4.200020  0.560507
4.210021  0.591416
4.220021  0.622791
4.230021  0.654615
4.240021  0.686868
4.250021  0.71953
4.260022  0.752578
4.270022  0.785991
4.280022  0.819743
4.290022  0.853808
4.300023  0.888159
4.310023  0.922768
4.320023  0.957604
4.330023  0.992635
4.340024  1.02783
4.350024  1.06315
4.360024  1.09856
4.370024  1.13402
4.380024  1.16949
4.390025  1.20493
4.400025  1.2403
4.410025  1.27555
4.420025  1.31063
4.430026  1.34549
4.440026  1.38008
4.450026  1.41435
4.460026  1.44824
4.470026  1.48169
4.480027  1.51465
4.490027  1.54704
4.500027  1.57881
4.510027  1.60988
4.520028  1.64019
4.530028  1.66966
4.540028  1.69822
4.550028  1.7258
4.560029  1.7523
4.570029  1.77765
4.580029  1.80176
4.590029  1.82454
4.600029  1.84591
4.610030  1.86575
4.620030  1.88399
4.630030  1.90051
4.640030  1.91521
4.650031  1.92798
4.660031  1.93872
4.670031  1.94731
4.680031  1.95362
4.690032  1.95755
4.700032  1.95895
4.710032  1.95771
4.720032  1.95369
4.730032  1.94676
4.740033  1.93677
4.750033  1.92358
4.760033  1.90704
4.770033  1.887
4.780034  1.8633
4.790034  1.83578
4.800034  1.80427
4.810034  1.7686
4.820035  1.72861
4.830035  1.68409
4.840035  1.63488
4.850035  1.58079
4.860035  1.52161
4.870036  1.45715
4.880036  1.38721
4.890036  1.31156
4.900036  1.23001
4.910037  1.14232
4.920037  1.04828
4.930037  0.947638
4.940037  0.84017
4.950037  0.725628
4.960038  0.603763
4.970038  0.474318
4.980038  0.337031
4.990038  0.191634


-5.000000  0.0384615
-4.990000  0.31156
-4.980000  0.559877
-4.969999  0.784827
-4.959999  0.987764
-4.949999  1.16998
-4.939999  1.33273
-4.929998  1.47717
-4.919998  1.60446
-4.909998  1.71566
-4.899998  1.81182
-4.889997  1.8939
-4.879997  1.96286
-4.869997  2.01958
-4.859997  2.06492
-4.849997  2.09968
-4.839996  2.12465
-4.829996  2.14054
-4.819996  2.14807
-4.809996  2.14789
-4.799995  2.14062
-4.789995  2.12687
-4.779995  2.1072
-4.769995  2.08214
-4.759995  2.05221
-4.749994  2.01786
-4.739994  1.97957
-4.729994  1.93775
-4.719994  1.8928
-4.709993  1.84511
-4.699993  1.79503
-4.689993  1.74288
-4.679993  1.689
-4.669992  1.63366
-4.659992  1.57714
-4.649992  1.51971
-4.639992  1.4616
-4.629992  1.40302
-4.619991  1.3442
-4.609991  1.28532
-4.599991  1.22657
-4.589991  1.16809
-4.579990  1.11005
-4.569990  1.05259
-4.559990  0.995826
-4.549990  0.939883
-4.539989  0.884863
-4.529989  0.830862
-4.519989  0.777966
-4.509989  0.726251
-4.499989  0.675787
-4.489988  0.626632
-4.479988  0.57884
-4.469988  0.532456
-4.459988  0.487518
-4.449987  0.444058
-4.439987  0.402103
-4.429987  0.361673
-4.419987  0.322782
-4.409986  0.285442
-4.399986  0.249656
-4.389986  0.215428
-4.379986  0.182752
-4.369986  0.151624
-4.359985  0.122033
-4.349985  0.0939646
-4.339985  0.0674034
-4.329985  0.0423302
-4.319984  0.0187233
-4.309984  -0.0034413
-4.299984  -0.0241895
-4.289984  -0.0435492
-4.279984  -0.06155
-4.269983  -0.0782231
-4.259983  -0.0936008
-4.249983  -0.107717
-4.239983  -0.120606
-4.229982  -0.132304
-4.219982  -0.142848
-4.209982  -0.152273
-4.199982  -0.160618
-4.189981  -0.167921
-4.179981  -0.17422
-4.169981  -0.179553
-4.159981  -0.183958
-4.149981  -0.187475
-4.139980  -0.190142
-4.129980  -0.191997
-4.119980  -0.193078
-4.109980  -0.193423
-4.099979  -0.193068
-4.089979  -0.192052
-4.079979  -0.19041
-4.069979  -0.188178
-4.059978  -0.185392
-4.049978  -0.182086
-4.039978  -0.178295
-4.029978  -0.174051
-4.019978  -0.169387
-4.009977  -0.164335
-3.999977  -0.158927
-3.989977  -0.153191
-3.979977  -0.147159
-3.969977  -0.140857
-3.959977  -0.134314
-3.949977  -0.127557
-3.939977  -0.120612
-3.929977  -0.113503
-3.919977  -0.106256
-3.909977  -0.098892
-3.899977  -0.0914347
-3.889977  -0.0839054
-3.879977  -0.0763245
-3.869977  -0.0687117
-3.859977  -0.0610859
-3.849977  -0.0534648
-3.839978  -0.0458656
-3.829978  -0.0383044
-3.819978  -0.0307965
-3.809978  -0.0233563
-3.799978  -0.0159976
-3.789978  -0.008733
-3.779978  -0.00157464
-3.769978  0.00546629
-3.759978  0.0123794
-3.749978  0.0191549
-3.739978  0.0257839
-3.729978  0.0322582
-3.719978  0.0385702
-3.709978  0.0447132
-3.699978  0.050681
-3.689978  0.0564682
-3.679978  0.0620697
-3.669978  0.0674814
-3.659978  0.0726997
-3.649978  0.0777214
-3.639978  0.0825439
-3.629978  0.0871655
-3.619978  0.0915844
-3.609978  0.0957999
-3.599978  0.0998113
-3.589978  0.103619
-3.579978  0.107222
-3.569978  0.110623
-3.559978  0.113822
-3.549978  0.116821
-3.539978  0.119622
-3.529978  0.122227
-3.519978  0.124639
-3.509978  0.12686
-3.499978  0.128895
-3.489978  0.130746
-3.479978  0.132417
-3.469978  0.133912
-3.459978  0.135235
-3.449978  0.136391
-3.439978  0.137384
-3.429978  0.138219
-3.419978  0.138901
-3.409978  0.139434
-3.399978  0.139825
-3.389978  0.140078
-3.379978  0.140199
-3.369978  0.140192
-3.359978  0.140064
-3.349978  0.139821
-3.339978  0.139467
-3.329978  0.139009
-3.319978  0.138451
-3.309978  0.137801
-3.299978  0.137063
-3.289978  0.136243
-3.279978  0.135346
-3.269978  0.13438
-3.259978  0.133348
-3.249978  0.132256
-3.239978  0.131111
-3.229978  0.129916
-3.219978  0.128679
-3.209978  0.127403
-3.199978  0.126095
-3.189978  0.124758
-3.179978  0.123399
-3.169978  0.122022
-3.159978  0.120631
-3.149978  0.119233
-3.139978  0.11783
-3.129978  0.116427
-3.119978  0.115029
-3.109978  0.11364
-3.099978  0.112264
-3.089978  0.110905
-3.079978  0.109566
-3.069978  0.108251
-3.059978  0.106964
-3.049978  0.105708
-3.039978  0.104486
-3.029978  0.103301
-3.019978  0.102156
-3.009978  0.101054
-2.999978  0.0999978
-2.989978  0.0989889
-2.979978  0.0980301
-2.969978  0.0971237
-2.959978  0.0962714
-2.949978  0.0954753
-2.939978  0.094737
-2.929978  0.0940582
-2.919978  0.0934401
-2.909978  0.0928842
-2.899978  0.0923915
-2.889978  0.0919631
-2.879978  0.0915998
-2.869978  0.0913024
-2.859978  0.0910716
-2.849978  0.0909076
-2.839978  0.0908111
-2.829978  0.0907821
-2.819978  0.0908208
-2.809978  0.0909272
-2.799978  0.0911013
-2.789979  0.0913426
-2.779979  0.0916511
-2.769979  0.0920261
-2.759979  0.0924673
-2.749979  0.0929739
-2.739979  0.0935452
-2.729979  0.0941805
-2.719979  0.0948788
-2.709979  0.0956392
-2.699979  0.0964606
-2.689979  0.0973419
-2.679979  0.0982819
-2.669979  0.0992793
-2.659979  0.100333
-2.649979  0.101441
-2.639979  0.102603
-2.629979  0.103816
-2.619979  0.10508
-2.609979  0.106392
-2.599979  0.107751
-2.589979  0.109156
-2.579979  0.110604
-2.569979  0.112095
-2.559979  0.113626
-2.549979  0.115195
-2.539979  0.1168
-2.529979  0.118441
-2.519979  0.120115
-2.509979  0.12182
-2.499979  0.123555
-2.489979  0.125317
-2.479979  0.127105
-2.469979  0.128917
-2.459979  0.130751
-2.449979  0.132606
-2.439979  0.134479
-2.429979  0.13637
-2.419979  0.138275
-2.409979  0.140194
-2.399979  0.142124
-2.389979  0.144065
-2.379979  0.146014
-2.369979  0.14797
-2.359979  0.149932
-2.349979  0.151897
-2.339979  0.153864
-2.329979  0.155833
-2.319979  0.157801
-2.309979  0.159767
-2.299979  0.16173
-2.289979  0.163688
-2.279979  0.165641
-2.269979  0.167587
-2.259979  0.169526
-2.249979  0.171455
-2.239979  0.173375
-2.229979  0.175284
-2.219979  0.177181
-2.209979  0.179066
-2.199979  0.180938
-2.189979  0.182796
-2.179979  0.184639
-2.169979  0.186467
-2.159979  0.18828
-2.149979  0.190077
-2.139979  0.191858
-2.129979  0.193622
-2.119979  0.19537
-2.109979  0.1971
-2.099979  0.198813
-2.089979  0.200509
-2.079979  0.202188
-2.069979  0.20385
-2.059979  0.205495
-2.049979  0.207123
-2.039979  0.208735
-2.029979  0.210331
-2.019979  0.211911
-2.009979  0.213476
-1.999979  0.215026
-1.989979  0.216561
-1.979979  0.218084
-1.969979  0.219593
-1.959979  0.22109
-1.949979  0.222576
-1.939979  0.224051
-1.929979  0.225517
-1.919979  0.226974
-1.909979  0.228423
-1.899979  0.229865
-1.889979  0.231302
-1.879979  0.232735
-1.869979  0.234164
-1.859979  0.235591
-1.849979  0.237017
-1.839979  0.238444
-1.829979  0.239872
-1.819979  0.241304
-1.809979  0.24274
-1.799979  0.244182
-1.789979  0.245631
-1.779979  0.247089
-1.769979  0.248557
-1.759979  0.250037
-1.749979  0.251531
-1.739980  0.25304
-1.729980  0.254565
-1.719980  0.256108
-1.709980  0.25767
-1.699980  0.259255
-1.689980  0.260861
-1.679980  0.262493
-1.669980  0.264151
-1.659980  0.265836
-1.649980  0.267551
-1.639980  0.269297
-1.629980  0.271076
-1.619980  0.272888
-1.609980  0.274737
-1.599980  0.276624
-1.589980  0.278549
-1.579980  0.280515
-1.569980  0.282523
-1.559980  0.284575
-1.549980  0.286673
-1.539980  0.288817
-1.529980  0.291009
-1.519980  0.293252
-1.509980  0.295545
-1.499980  0.297891
-1.489980  0.300291
-1.479980  0.302746
-1.469980  0.305257
-1.459980  0.307827
-1.449980  0.310455
-1.439980  0.313144
-1.429980  0.315894
-1.419980  0.318706
-1.409980  0.321582
-1.399980  0.324523
-1.389980  0.327529
-1.379980  0.330602
-1.369980  0.333741
-1.359980  0.336949
-1.349980  0.340226
-1.339980  0.343573
-1.329980  0.34699
-1.319980  0.350477
-1.309980  0.354036
-1.299980  0.357668
-1.289980  0.361371
-1.279980  0.365147
-1.269980  0.368996
-1.259980  0.372919
-1.249980  0.376915
-1.239980  0.380985
-1.229980  0.385129
-1.219980  0.389346
-1.209980  0.393637
-1.199980  0.398002
-1.189980  0.40244
-1.179980  0.406952
-1.169980  0.411536
-1.159980  0.416193
-1.149980  0.420922
-1.139980  0.425722
-1.129980  0.430594
-1.119980  0.435536
-1.109980  0.440547
-1.099980  0.445628
-1.089980  0.450776
-1.079980  0.455992
-1.069980  0.461274
-1.059980  0.466622
-1.049980  0.472033
-1.039980  0.477508
-1.029980  0.483044
-1.019980  0.488641
-1.009980  0.494297
-0.999980  0.500011
-0.989980  0.505782
-0.979980  0.511607
-0.969980  0.517486
-0.959980  0.523416
-0.949980  0.529397
-0.939980  0.535425
-0.929980  0.541501
-0.919980  0.54762
-0.909980  0.553783
-0.899980  0.559986
-0.889980  0.566229
-0.879980  0.572508
-0.869980  0.578821
-0.859980  0.585168
-0.849980  0.591544
-0.839980  0.597949
-0.829980  0.60438
-0.819980  0.610834
-0.809980  0.617309
-0.799980  0.623803
-0.789980  0.630314
-0.779980  0.636838
-0.769980  0.643374
-0.759980  0.649919
-0.749980  0.65647
-0.739980  0.663025
-0.729980  0.669581
-0.719980  0.676135
-0.709980  0.682686
-0.699980  0.689229
-0.689981  0.695763
-0.679981  0.702285
-0.669981  0.708792
-0.659981  0.715281
-0.649981  0.72175
-0.639981  0.728195
-0.629981  0.734614
-0.619981  0.741005
-0.609981  0.747364
-0.599981  0.753688
-0.589981  0.759976
-0.579981  0.766223
-0.569981  0.772427
-0.559981  0.778586
-0.549981  0.784697
-0.539981  0.790756
-0.529981  0.796761
-0.519981  0.80271
-0.509981  0.8086
-0.499981  0.814427
-0.489981  0.820189
-0.479981  0.825884
-0.469981  0.831509
-0.459981  0.837061
-0.449981  0.842537
-0.439981  0.847935
-0.429981  0.853253
-0.419981  0.858488
-0.409981  0.863637
-0.399981  0.868697
-0.389981  0.873668
-0.379981  0.878545
-0.369981  0.883327
-0.359981  0.888011
-0.349981  0.892596
-0.339981  0.897078
-0.329981  0.901456
-0.319981  0.905727
-0.309981  0.90989
-0.299981  0.913943
-0.289981  0.917882
-0.279981  0.921707
-0.269981  0.925416
-0.259981  0.929006
-0.249981  0.932476
-0.239981  0.935825
-0.229981  0.93905
-0.219981  0.942149
-0.209981  0.945122
-0.199981  0.947967
-0.189981  0.950683
-0.179981  0.953267
-0.169981  0.95572
-0.159981  0.958039
-0.149981  0.960223
-0.139981  0.962271
-0.129981  0.964183
-0.119981  0.965957
-0.109981  0.967592
-0.099981  0.969088
-0.089981  0.970444
-0.079981  0.971659
-0.069981  0.972732
-0.059981  0.973664
-0.049981  0.974452
-0.039981  0.975098
-0.029981  0.975601
-0.019981  0.97596
-0.009981  0.976175
0.000019  0.976247
0.010019  0.976175
0.020019  0.975959
0.030019  0.975599
0.040019  0.975096
0.050019  0.97445
0.060019  0.97366
0.070019  0.972728
0.080019  0.971655
0.090019  0.970439
0.100019  0.969083
0.110019  0.967586
0.120019  0.96595
0.130019  0.964176
0.140019  0.962264
0.150019  0.960215
0.160019  0.95803
0.170019  0.955711
0.180019  0.953258
0.190019  0.950673
0.200019  0.947957
0.210019  0.945111
0.220019  0.942138
0.230019  0.939037
0.240019  0.935812
0.250019  0.932463
0.260019  0.928993
0.270019  0.925402
0.280019  0.921693
0.290019  0.917867
0.300019  0.913927
0.310019  0.909875
0.320019  0.905711
0.330019  0.901439
0.340019  0.897061
0.350019  0.892578
0.360019  0.887994
0.370019  0.883309
0.380019  0.878526
0.390019  0.873649
0.400019  0.868678
0.410019  0.863617
0.420019  0.858468
0.430019  0.853233
0.440019  0.847915
0.450019  0.842516
0.460019  0.83704
0.470019  0.831487
0.480019  0.825862
0.490019  0.820167
0.500019  0.814405
0.510019  0.808577
0.520019  0.802688
0.530019  0.796739
0.540019  0.790733
0.550019  0.784673
0.560019  0.778563
0.570019  0.772404
0.580019  0.766199
0.590019  0.759952
0.600019  0.753664
0.610019  0.74734
0.620019  0.740981
0.630019  0.73459
0.640019  0.728171
0.650019  0.721725
0.660019  0.715256
0.670019  0.708767
0.680019  0.70226
0.690019  0.695738
0.700019  0.689204
0.710019  0.682661
0.720019  0.67611
0.730019  0.669556
0.740019  0.663
0.750019  0.656445
0.760019  0.649894
0.770019  0.643349
0.780019  0.636813
0.790019  0.630289
0.800019  0.623778
0.810019  0.617284
0.820019  0.610809
0.830019  0.604355
0.840019  0.597925
0.850019  0.59152
0.860019  0.585143
0.870019  0.578797
0.880019  0.572484
0.890019  0.566205
0.900019  0.559963
0.910019  0.553759
0.920019  0.547597
0.930019  0.541477
0.940019  0.535402
0.950019  0.529374
0.960019  0.523393
0.970019  0.517463
0.980018  0.511585
0.990018  0.50576
1.000018  0.499989
1.010018  0.494276
1.020018  0.48862
1.030018  0.483023
1.040018  0.477487
1.050018  0.472012
1.060018  0.466601
1.070018  0.461254
1.080018  0.455972
1.090018  0.450756
1.100018  0.445608
1.110018  0.440528
1.120018  0.435517
1.130018  0.430575
1.140018  0.425704
1.150018  0.420904
1.160018  0.416175
1.170018  0.411518
1.180018  0.406934
1.190018  0.402423
1.200018  0.397985
1.210018  0.393621
1.220018  0.38933
1.230018  0.385113
1.240018  0.38097
1.250018  0.3769
1.260018  0.372904
1.270018  0.368982
1.280018  0.365133
1.290018  0.361357
1.300018  0.357653
1.310018  0.354023
1.320018  0.350464
1.330018  0.346976
1.340018  0.34356
1.350018  0.340214
1.360018  0.336937
1.370018  0.333729
1.380018  0.33059
1.390018  0.327517
1.400018  0.324512
1.410018  0.321571
1.420018  0.318695
1.430018  0.315883
1.440018  0.313133
1.450018  0.310445
1.460018  0.307817
1.470018  0.305248
1.480018  0.302736
1.490018  0.300281
1.500018  0.297882
1.510018  0.295536
1.520018  0.293243
1.530018  0.291001
1.540018  0.288809
1.550018  0.286665
1.560018  0.284567
1.570018  0.282516
1.580018  0.280507
1.590018  0.278541
1.600018  0.276616
1.610018  0.27473
1.620018  0.272881
1.630018  0.271069
1.640018  0.26929
1.650018  0.267544
1.660018  0.26583
1.670018  0.264144
1.680018  0.262487
1.690018  0.260855
1.700018  0.259248
1.710018  0.257664
1.720018  0.256102
1.730018  0.254559
1.740018  0.253034
1.750018  0.251525
1.760018  0.250032
1.770018  0.248552
1.780018  0.247083
1.790018  0.245625
1.800018  0.244176
1.810018  0.242734
1.820018  0.241298
1.830018  0.239867
1.840018  0.238438
1.850018  0.237012
1.860018  0.235585
1.870018  0.234158
1.880018  0.232729
1.890018  0.231297
1.900018  0.22986
1.910018  0.228417
1.920018  0.226968
1.930018  0.225511
1.940018  0.224046
1.950018  0.22257
1.960018  0.221084
1.970018  0.219587
1.980018  0.218078
1.990018  0.216556
2.000018  0.21502
2.010018  0.21347
2.020018  0.211905
2.030018  0.210325
2.040018  0.208729
2.050018  0.207117
2.060018  0.205489
2.070018  0.203844
2.080018  0.202182
2.090018  0.200503
2.100018  0.198807
2.110018  0.197093
2.120018  0.195363
2.130018  0.193616
2.140018  0.191851
2.150017  0.190071
2.160017  0.188273
2.170017  0.18646
2.180017  0.184632
2.190017  0.182788
2.200017  0.18093
2.210017  0.179059
2.220017  0.177174
2.230017  0.175276
2.240017  0.173367
2.250017  0.171448
2.260017  0.169518
2.270017  0.16758
2.280017  0.165633
2.290017  0.163681
2.300017  0.161722
2.310017  0.159759
2.320017  0.157793
2.330017  0.155825
2.340017  0.153857
2.350017  0.151889
2.360017  0.149924
2.370017  0.147963
2.380017  0.146007
2.390017  0.144058
2.400017  0.142117
2.410017  0.140186
2.420017  0.138268
2.430017  0.136362
2.440017  0.134472
2.450017  0.132599
2.460017  0.130744
2.470017  0.12891
2.480017  0.127098
2.490017  0.12531
2.500017  0.123548
2.510017  0.121814
2.520017  0.120109
2.530017  0.118435
2.540017  0.116794
2.550017  0.115189
2.560017  0.11362
2.570017  0.112089
2.580017  0.110599
2.590017  0.109151
2.600017  0.107746
2.610017  0.106387
2.620017  0.105075
2.630017  0.103811
2.640017  0.102598
2.650017  0.101437
2.660017  0.100329
2.670017  0.0992754
2.680017  0.0982782
2.690017  0.0973384
2.700017  0.0964573
2.710017  0.0956362
2.720017  0.094876
2.730017  0.0941779
2.740017  0.0935429
2.750017  0.0929718
2.760017  0.0924654
2.770017  0.0920246
2.780017  0.0916498
2.790017  0.0913416
2.800017  0.0911005
2.810017  0.0909267
2.820017  0.0908205
2.830017  0.0907821
2.840017  0.0908113
2.850017  0.0909081
2.860017  0.0910723
2.870017  0.0913035
2.880017  0.0916011
2.890017  0.0919646
2.900017  0.0923933
2.910017  0.0928862
2.920017  0.0934424
2.930017  0.0940607
2.940017  0.0947398
2.950017  0.0954783
2.960017  0.0962746
2.970017  0.097127
2.980017  0.0980337
2.990017  0.0989927
3.000017  0.100002
3.010017  0.101059
3.020017  0.102161
3.030017  0.103306
3.040017  0.104491
3.050017  0.105713
3.060017  0.106969
3.070017  0.108256
3.080017  0.109571
3.090017  0.11091
3.100017  0.112269
3.110017  0.113646
3.120017  0.115035
3.130017  0.116432
3.140017  0.117835
3.150017  0.119238
3.160017  0.120637
3.170017  0.122027
3.180017  0.123404
3.190017  0.124763
3.200016  0.1261
3.210016  0.127408
3.220016  0.128684
3.230016  0.129921
3.240016  0.131115
3.250016  0.13226
3.260016  0.133352
3.270016  0.134383
3.280016  0.13535
3.290016  0.136246
3.300016  0.137066
3.310016  0.137804
3.320016  0.138454
3.330016  0.139011
3.340016  0.139469
3.350016  0.139822
3.360016  0.140065
3.370016  0.140192
3.380016  0.140198
3.390016  0.140077
3.400016  0.139824
3.410016  0.139433
3.420016  0.138898
3.430016  0.138216
3.440016  0.13738
3.450016  0.136387
3.460016  0.13523
3.470016  0.133906
3.480016  0.132411
3.490016  0.130739
3.500016  0.128887
3.510016  0.126852
3.520016  0.12463
3.530016  0.122217
3.540016  0.119612
3.550016  0.11681
3.560016  0.11381
3.570016  0.11061
3.580016  0.107209
3.590016  0.103604
3.600016  0.0997963
3.610016  0.0957841
3.620016  0.0915679
3.630016  0.0871481
3.640016  0.0825258
3.650016  0.0777025
3.660016  0.07268
3.670016  0.067461
3.680016  0.0620486
3.690016  0.0564463
3.700016  0.0506585
3.710016  0.04469
3.720016  0.0385463
3.730016  0.0322336
3.740016  0.0257587
3.750016  0.0191291
3.760016  0.0123531
3.770016  0.0054395
3.780016  -0.0016019
3.790016  -0.00876069
3.800016  -0.0160256
3.810016  -0.0233848
3.820016  -0.0308252
3.830016  -0.0383334
3.840016  -0.0458947
3.850016  -0.0534941
3.860016  -0.0611152
3.870016  -0.068741
3.880016  -0.0763537
3.890016  -0.0839344
3.900016  -0.0914635
3.910016  -0.0989204
3.920016  -0.106284
3.930016  -0.113531
3.940016  -0.120639
3.950016  -0.127584
3.960016  -0.13434
3.970016  -0.140882
3.980016  -0.147182
3.990016  -0.153214
4.000016  -0.158948
4.010016  -0.164356
4.020016  -0.169406
4.030016  -0.174068
4.040017  -0.17831
4.050017  -0.1821
4.060017  -0.185404
4.070017  -0.188188
4.080018  -0.190417
4.090018  -0.192057
4.100018  -0.193071
4.110018  -0.193423
4.120018  -0.193075
4.130019  -0.191992
4.140019  -0.190134
4.150019  -0.187464
4.160019  -0.183943
4.170020  -0.179534
4.180020  -0.174197
4.190020  -0.167895
4.200020  -0.160588
4.210021  -0.152239
4.220021  -0.142809
4.230021  -0.132261
4.240021  -0.120559
4.250021  -0.107665
4.260022  -0.0935439
4.270022  -0.0781612
4.280022  -0.0614831
4.290022  -0.0434771
4.300023  -0.024112
4.310023  -0.00335844
4.320023  0.0188117
4.330023  0.0424242
4.340024  0.0675031
4.350024  0.0940701
4.360024  0.122144
4.370024  0.151741
4.380024  0.182876
4.390025  0.215557
4.400025  0.249792
4.410025  0.285583
4.420025  0.322929
4.430026  0.361826
4.440026  0.402262
4.450026  0.444223
4.460026  0.487689
4.470026  0.532632
4.480027  0.579022
4.490027  0.62682
4.500027  0.675979
4.510027  0.726449
4.520028  0.778168
4.530028  0.831068
4.540028  0.885074
4.550028  0.940097
4.560029  0.996044
4.570029  1.05281
4.580029  1.11028
4.590029  1.16832
4.600029  1.22679
4.610030  1.28555
4.620030  1.34443
4.630030  1.40325
4.640030  1.46182
4.650031  1.51993
4.660031  1.57736
4.670031  1.63388
4.680031  1.68921
4.690032  1.74309
4.700032  1.79522
4.710032  1.8453
4.720032  1.89298
4.730032  1.93792
4.740033  1.97973
4.750033  2.018
4.760033  2.05233
4.770033  2.08225
4.780034  2.10729
4.790034  2.12694
4.800034  2.14066
4.810034  2.1479
4.820035  2.14806
4.830035  2.1405
4.840035  2.12457
4.850035  2.09957
4.860035  2.06476
4.870036  2.01938
4.880036  1.96261
4.890036  1.89361
4.900036  1.81147
4.910037  1.71526
4.920037  1.604
4.930037  1.47665
4.940037  1.33213
4.950037  1.16932
4.960038  0.987021
4.970038  0.784001
4.980038  0.558964
4.990038  0.310554


-5.000000  0.0384615
-4.990000  -11.3067
-4.980000  -21.0948
-4.969999  -29.4662
-4.959999  -36.5513
-4.949999  -42.4711
-4.939999  -47.3378
-4.929998  -51.2553
-4.919998  -54.3198
-4.909998  -56.6201
-4.899998  -58.2384
-4.889997  -59.2503
-4.879997  -59.7254
-4.869997  -59.7278
-4.859997  -59.3162
-4.849997  -58.5444
-4.839996  -57.4617
-4.829996  -56.1131
-4.819996  -54.5397
-4.809996  -52.7785
-4.799995  -50.8635
-4.789995  -48.8252
-4.779995  -46.6913
-4.769995  -44.4866
-4.759995  -42.2332
-4.749994  -39.9511
-4.739994  -37.658
-4.729994  -35.3696
-4.719994  -33.0995
-4.709993  -30.8598
-4.699993  -28.6611
-4.689993  -26.5123
-4.679993  -24.4211
-4.669992  -22.394
-4.659992  -20.4363
-4.649992  -18.5524
-4.639992  -16.7458
-4.629992  -15.0191
-4.619991  -13.374
-4.609991  -11.8119
-4.599991  -10.3332
-4.589991  -8.93806
-4.579990  -7.62602
-4.569990  -6.39623
-4.559990  -5.24747
-4.549990  -4.17818
-4.539989  -3.18653
-4.529989  -2.27046
-4.519989  -1.42769
-4.509989  -0.655791
-4.499989  0.047826
-4.489988  0.685848
-4.479988  1.26105
-4.469988  1.77626
-4.459988  2.23436
-4.449987  2.63825
-4.439987  2.99082
-4.429987  3.29497
-4.419987  3.55355
-4.409986  3.7694
-4.399986  3.94529
-4.389986  4.08395
-4.379986  4.18803
-4.369986  4.26013
-4.359985  4.30275
-4.349985  4.31831
-4.339985  4.30916
-4.329985  4.27754
-4.319984  4.22561
-4.309984  4.15543
-4.299984  4.06898
-4.289984  3.96812
-4.279984  3.85463
-4.269983  3.73019
-4.259983  3.59639
-4.249983  3.45471
-4.239983  3.30656
-4.229982  3.15324
-4.219982  2.99597
-4.209982  2.8359
-4.199982  2.67406
-4.189981  2.51143
-4.179981  2.34889
-4.169981  2.18726
-4.159981  2.02728
-4.149981  1.86962
-4.139980  1.71489
-4.129980  1.56361
-4.119980  1.41627
-4.109980  1.27329
-4.099979  1.13503
-4.089979  1.0018
-4.079979  0.873868
-4.069979  0.75145
-4.059978  0.634717
-4.049978  0.523803
-4.039978  0.418801
-4.029978  0.319773
-4.019978  0.226744
-4.009977  0.139711
-3.999977  0.0586466
-3.989977  -0.0165083
-3.979977  -0.0858323
-3.969977  -0.149425
-3.959977  -0.207405
-3.949977  -0.259908
-3.939977  -0.307082
-3.929977  -0.349093
-3.919977  -0.386112
-3.909977  -0.418326
-3.899977  -0.445925
-3.889977  -0.469108
-3.879977  -0.48808
-3.869977  -0.503049
-3.859977  -0.514225
-3.849977  -0.52182
-3.839978  -0.52605
-3.829978  -0.527125
-3.819978  -0.525258
-3.809978  -0.520659
-3.799978  -0.513535
-3.789978  -0.50409
-3.779978  -0.492522
-3.769978  -0.479028
-3.759978  -0.463797
-3.749978  -0.447013
-3.739978  -0.428855
-3.729978  -0.409495
-3.719978  -0.389099
-3.709978  -0.367827
-3.699978  -0.345829
-3.689978  -0.323252
-3.679978  -0.300233
-3.669978  -0.276902
-3.659978  -0.253383
-3.649978  -0.229792
-3.639978  -0.206237
-3.629978  -0.182819
-3.619978  -0.159633
-3.609978  -0.136766
-3.599978  -0.114298
-3.589978  -0.0923024
-3.579978  -0.070845
-3.569978  -0.0499862
-3.559978  -0.0297797
-3.549978  -0.010273
-3.539978  0.00849244
-3.529978  0.0264807
-3.519978  0.0436614
-3.509978  0.0600095
-3.499978  0.0755051
-3.489978  0.0901329
-3.479978  0.103882
-3.469978  0.116747
-3.459978  0.128725
-3.449978  0.139818
-3.439978  0.15003
-3.429978  0.159371
-3.419978  0.167853
-3.409978  0.175489
-3.399978  0.182297
-3.389978  0.188297
-3.379978  0.193511
-3.369978  0.197962
-3.359978  0.201676
-3.349978  0.20468
-3.339978  0.207003
-3.329978  0.208674
-3.319978  0.209725
-3.309978  0.210187
-3.299978  0.210092
-3.289978  0.209473
-3.279978  0.208362
-3.269978  0.206794
-3.259978  0.204801
-3.249978  0.202417
-3.239978  0.199674
-3.229978  0.196606
-3.219978  0.193244
-3.209978  0.189621
-3.199978  0.185766
-3.189978  0.181712
-3.179978  0.177487
-3.169978  0.17312
-3.159978  0.16864
-3.149978  0.164072
-3.139978  0.159443
-3.129978  0.154778
-3.119978  0.1501
-3.109978  0.145431
-3.099978  0.140794
-3.089978  0.136209
-3.079978  0.131694
-3.069978  0.127267
-3.059978  0.122945
-3.049978  0.118743
-3.039978  0.114676
-3.029978  0.110756
-3.019978  0.106995
-3.009978  0.103404
-2.999978  0.0999928
-2.989978  0.0967689
-2.979978  0.0937398
-2.969978  0.0909117
-2.959978  0.0882897
-2.949978  0.0858779
-2.939978  0.0836793
-2.929978  0.0816962
-2.919978  0.0799296
-2.909978  0.0783801
-2.899978  0.0770471
-2.889978  0.0759294
-2.879978  0.075025
-2.869978  0.0743311
-2.859978  0.0738444
-2.849978  0.0735608
-2.839978  0.0734759
-2.829978  0.0735844
-2.819978  0.0738809
-2.809978  0.0743592
-2.799978  0.0750129
-2.789979  0.0758351
-2.779979  0.0768188
-2.769979  0.0779566
-2.759979  0.0792406
-2.749979  0.0806632
-2.739979  0.0822162
-2.729979  0.0838915
-2.719979  0.0856809
-2.709979  0.0875759
-2.699979  0.0895684
-2.689979  0.0916498
-2.679979  0.0938121
-2.669979  0.0960468
-2.659979  0.0983459
-2.649979  0.100701
-2.639979  0.103105
-2.629979  0.10555
-2.619979  0.108028
-2.609979  0.110531
-2.599979  0.113054
-2.589979  0.115588
-2.579979  0.118127
-2.569979  0.120666
-2.559979  0.123197
-2.549979  0.125716
-2.539979  0.128216
-2.529979  0.130693
-2.519979  0.133142
-2.509979  0.135557
-2.499979  0.137936
-2.489979  0.140274
-2.479979  0.142568
-2.469979  0.144814
-2.459979  0.14701
-2.449979  0.149153
-2.439979  0.151241
-2.429979  0.153272
-2.419979  0.155245
-2.409979  0.157159
-2.399979  0.159011
-2.389979  0.160803
-2.379979  0.162533
-2.369979  0.164202
-2.359979  0.16581
-2.349979  0.167356
-2.339979  0.168843
-2.329979  0.170271
-2.319979  0.171641
-2.309979  0.172955
-2.299979  0.174215
-2.289979  0.175421
-2.279979  0.176577
-2.269979  0.177685
-2.259979  0.178747
-2.249979  0.179765
-2.239979  0.180742
-2.229979  0.181681
-2.219979  0.182585
-2.209979  0.183457
-2.199979  0.1843
-2.189979  0.185117
-2.179979  0.185911
-2.169979  0.186685
-2.159979  0.187443
-2.149979  0.188189
-2.139979  0.188925
-2.129979  0.189654
-2.119979  0.19038
-2.109979  0.191107
-2.099979  0.191837
-2.089979  0.192574
-2.079979  0.19332
-2.069979  0.19408
-2.059979  0.194855
-2.049979  0.19565
-2.039979  0.196466
-2.029979  0.197307
-2.019979  0.198174
-2.009979  0.199072
-1.999979  0.200002
-1.989979  0.200966
-1.979979  0.201968
-1.969979  0.203008
-1.959979  0.20409
-1.949979  0.205214
-1.939979  0.206383
-1.929979  0.207598
-1.919979  0.208861
-1.909979  0.210173
-1.899979  0.211535
-1.889979  0.212949
-1.879979  0.214415
-1.869979  0.215934
-1.859979  0.217507
-1.849979  0.219135
-1.839979  0.220817
-1.829979  0.222555
-1.819979  0.224349
-1.809979  0.226198
-1.799979  0.228102
-1.789979  0.230062
-1.779979  0.232077
-1.769979  0.234147
-1.759979  0.236272
-1.749979  0.23845
-1.739980  0.240682
-1.729980  0.242967
-1.719980  0.245303
-1.709980  0.24769
-1.699980  0.250128
-1.689980  0.252614
-1.679980  0.255149
-1.669980  0.257731
-1.659980  0.260359
-1.649980  0.263032
-1.639980  0.265748
-1.629980  0.268507
-1.619980  0.271308
-1.609980  0.274148
-1.599980  0.277028
-1.589980  0.279945
-1.579980  0.282898
-1.569980  0.285887
-1.559980  0.28891
-1.549980  0.291966
-1.539980  0.295053
-1.529980  0.298171
-1.519980  0.301319
-1.509980  0.304495
-1.499980  0.307699
-1.489980  0.310929
-1.479980  0.314185
-1.469980  0.317466
-1.459980  0.320771
-1.449980  0.324099
-1.439980  0.32745
-1.429980  0.330823
-1.419980  0.334218
-1.409980  0.337634
-1.399980  0.341071
-1.389980  0.344528
-1.379980  0.348005
-1.369980  0.351503
-1.359980  0.355021
-1.349980  0.358559
-1.339980  0.362117
-1.329980  0.365695
-1.319980  0.369294
-1.309980  0.372914
-1.299980  0.376555
-1.289980  0.380219
-1.279980  0.383904
-1.269980  0.387612
-1.259980  0.391344
-1.249980  0.395101
-1.239980  0.398882
-1.229980  0.40269
-1.219980  0.406524
-1.209980  0.410386
-1.199980  0.414278
-1.189980  0.418199
-1.179980  0.422152
-1.169980  0.426136
-1.159980  0.430154
-1.149980  0.434207
-1.139980  0.438296
-1.129980  0.442422
-1.119980  0.446586
-1.109980  0.45079
-1.099980  0.455034
-1.089980  0.459321
-1.079980  0.463652
-1.069980  0.468027
-1.059980  0.472449
-1.049980  0.476917
-1.039980  0.481434
-1.029980  0.486001
-1.019980  0.490618
-1.009980  0.495287
-0.999980  0.500009
-0.989980  0.504785
-0.979980  0.509616
-0.969980  0.514503
-0.959980  0.519445
-0.949980  0.524446
-0.939980  0.529504
-0.929980  0.53462
-0.919980  0.539795
-0.909980  0.54503
-0.899980  0.550324
-0.889980  0.555678
-0.879980  0.561092
-0.869980  0.566566
-0.859980  0.5721
-0.849980  0.577693
-0.839980  0.583346
-0.829980  0.589057
-0.819980  0.594826
-0.809980  0.600653
-0.799980  0.606537
-0.789980  0.612476
-0.779980  0.61847
-0.769980  0.624518
-0.759980  0.630617
-0.749980  0.636767
-0.739980  0.642966
-0.729980  0.649213
-0.719980  0.655505
-0.709980  0.66184
-0.699980  0.668216
-0.689981  0.674631
-0.679981  0.681083
-0.669981  0.687569
-0.659981  0.694086
-0.649981  0.700632
-0.639981  0.707204
-0.629981  0.713798
-0.619981  0.720412
-0.609981  0.727042
-0.599981  0.733685
-0.589981  0.740337
-0.579981  0.746996
-0.569981  0.753656
-0.559981  0.760315
-0.549981  0.766969
-0.539981  0.773613
-0.529981  0.780243
-0.519981  0.786856
-0.509981  0.793448
-0.499981  0.800013
-0.489981  0.806547
-0.479981  0.813047
-0.469981  0.819508
-0.459981  0.825925
-0.449981  0.832294
-0.439981  0.83861
-0.429981  0.844869
-0.419981  0.851066
-0.409981  0.857196
-0.399981  0.863255
-0.389981  0.869238
-0.379981  0.875141
-0.369981  0.880959
-0.359981  0.886687
-0.349981  0.892321
-0.339981  0.897855
-0.329981  0.903287
-0.319981  0.908611
-0.309981  0.913823
-0.299981  0.918918
-0.289981  0.923892
-0.279981  0.928742
-0.269981  0.933462
-0.259981  0.938049
-0.249981  0.942499
-0.239981  0.946807
-0.229981  0.950971
-0.219981  0.954987
-0.209981  0.95885
-0.199981  0.962558
-0.189981  0.966107
-0.179981  0.969494
-0.169981  0.972716
-0.159981  0.97577
-0.149981  0.978653
-0.139981  0.981363
-0.129981  0.983897
-0.119981  0.986253
-0.109981  0.988428
-0.099981  0.990421
-0.089981  0.99223
-0.079981  0.993853
-0.069981  0.995288
-0.059981  0.996535
-0.049981  0.997592
-0.039981  0.998458
-0.029981  0.999133
-0.019981  0.999615
-0.009981  0.999904
0.000019  1
0.010019  0.999903
0.020019  0.999613
0.030019  0.99913
0.040019  0.998455
0.050019  0.997589
0.060019  0.996531
0.070019  0.995283
0.080019  0.993847
0.090019  0.992223
0.100019  0.990414
0.110019  0.98842
0.120019  0.986244
0.130019  0.983888
0.140019  0.981353
0.150019  0.978642
0.160019  0.975759
0.170019  0.972704
0.180019  0.969481
0.190019  0.966094
0.200019  0.962544
0.210019  0.958836
0.220019  0.954972
0.230019  0.950956
0.240019  0.946791
0.250019  0.942482
0.260019  0.938032
0.270019  0.933444
0.280019  0.928723
0.290019  0.923874
0.300019  0.918899
0.310019  0.913803
0.320019  0.908591
0.330019  0.903267
0.340019  0.897834
0.350019  0.892299
0.360019  0.886665
0.370019  0.880937
0.380019  0.875119
0.390019  0.869216
0.400019  0.863232
0.410019  0.857173
0.420019  0.851042
0.430019  0.844845
0.440019  0.838586
0.450019  0.83227
0.460019  0.825901
0.470019  0.819484
0.480019  0.813023
0.490019  0.806522
0.500019  0.799988
0.510019  0.793422
0.520019  0.786831
0.530019  0.780218
0.540019  0.773587
0.550019  0.766943
0.560019  0.76029
0.570019  0.753631
0.580019  0.74697
0.590019  0.740312
0.600019  0.733659
0.610019  0.727016
0.620019  0.720386
0.630019  0.713773
0.640019  0.707178
0.650019  0.700607
0.660019  0.694061
0.670019  0.687544
0.680019  0.681058
0.690019  0.674607
0.700019  0.668191
0.710019  0.661815
0.720019  0.65548
0.730019  0.649189
0.740019  0.642943
0.750019  0.636744
0.760019  0.630594
0.770019  0.624495
0.780019  0.618447
0.790019  0.612454
0.800019  0.606514
0.810019  0.600631
0.820019  0.594804
0.830019  0.589035
0.840019  0.583324
0.850019  0.577672
0.860019  0.572079
0.870019  0.566545
0.880019  0.561071
0.890019  0.555658
0.900019  0.550304
0.910019  0.54501
0.920019  0.539775
0.930019  0.5346
0.940019  0.529484
0.950019  0.524426
0.960019  0.519426
0.970019  0.514484
0.980018  0.509598
0.990018  0.504767
1.000018  0.499991
1.010018  0.495269
1.020018  0.4906
1.030018  0.485983
1.040018  0.481417
1.050018  0.4769
1.060018  0.472432
1.070018  0.46801
1.080018  0.463635
1.090018  0.459305
1.100018  0.455018
1.110018  0.450773
1.120018  0.44657
1.130018  0.442406
1.140018  0.43828
1.150018  0.434192
1.160018  0.430139
1.170018  0.426121
1.180018  0.422136
1.190018  0.418184
1.200018  0.414263
1.210018  0.410372
1.220018  0.406509
1.230018  0.402675
1.240018  0.398868
1.250018  0.395086
1.260018  0.39133
1.270018  0.387598
1.280018  0.38389
1.290018  0.380204
1.300018  0.376541
1.310018  0.3729
1.320018  0.36928
1.330018  0.365681
1.340018  0.362103
1.350018  0.358545
1.360018  0.355007
1.370018  0.35149
1.380018  0.347992
1.390018  0.344515
1.400018  0.341057
1.410018  0.337621
1.420018  0.334205
1.430018  0.33081
1.440018  0.327437
1.450018  0.324086
1.460018  0.320758
1.470018  0.317453
1.480018  0.314173
1.490018  0.310917
1.500018  0.307687
1.510018  0.304483
1.520018  0.301307
1.530018  0.298159
1.540018  0.295041
1.550018  0.291954
1.560018  0.288898
1.570018  0.285876
1.580018  0.282887
1.590018  0.279934
1.600018  0.277017
1.610018  0.274137
1.620018  0.271297
1.630018  0.268497
1.640018  0.265738
1.650018  0.263021
1.660018  0.260349
1.670018  0.257721
1.680018  0.255139
1.690018  0.252605
1.700018  0.250118
1.710018  0.247681
1.720018  0.245294
1.730018  0.242958
1.740018  0.240674
1.750018  0.238442
1.760018  0.236264
1.770018  0.234139
1.780018  0.23207
1.790018  0.230055
1.800018  0.228095
1.810018  0.22619
1.820018  0.224342
1.830018  0.222549
1.840018  0.220811
1.850018  0.219128
1.860018  0.217501
1.870018  0.215928
1.880018  0.214409
1.890018  0.212943
1.900018  0.21153
1.910018  0.210168
1.920018  0.208856
1.930018  0.207593
1.940018  0.206378
1.950018  0.205209
1.960018  0.204085
1.970018  0.203004
1.980018  0.201964
1.990018  0.200963
2.000018  0.199998
2.010018  0.199069
2.020018  0.198171
2.030018  0.197303
2.040018  0.196463
2.050018  0.195647
2.060018  0.194852
2.070018  0.194077
2.080018  0.193318
2.090018  0.192571
2.100018  0.191834
2.110018  0.191104
2.120018  0.190378
2.130018  0.189651
2.140018  0.188922
2.150017  0.188186
2.160017  0.187441
2.170017  0.186682
2.180017  0.185908
2.190017  0.185113
2.200017  0.184297
2.210017  0.183454
2.220017  0.182582
2.230017  0.181678
2.240017  0.180738
2.250017  0.179761
2.260017  0.178743
2.270017  0.177681
2.280017  0.176573
2.290017  0.175417
2.300017  0.17421
2.310017  0.17295
2.320017  0.171636
2.330017  0.170266
2.340017  0.168838
2.350017  0.167351
2.360017  0.165804
2.370017  0.164196
2.380017  0.162527
2.390017  0.160796
2.400017  0.159004
2.410017  0.157151
2.420017  0.155238
2.430017  0.153265
2.440017  0.151233
2.450017  0.149145
2.460017  0.147002
2.470017  0.144805
2.480017  0.142559
2.490017  0.140265
2.500017  0.137927
2.510017  0.135548
2.520017  0.133132
2.530017  0.130684
2.540017  0.128207
2.550017  0.125706
2.560017  0.123188
2.570017  0.120656
2.580017  0.118118
2.590017  0.115578
2.600017  0.113044
2.610017  0.110522
2.620017  0.108018
2.630017  0.10554
2.640017  0.103096
2.650017  0.100692
2.660017  0.098337
2.670017  0.0960381
2.680017  0.0938036
2.690017  0.0916417
2.700017  0.0895605
2.710017  0.0875684
2.720017  0.0856738
2.730017  0.0838849
2.740017  0.08221
2.750017  0.0806575
2.760017  0.0792354
2.770017  0.0779519
2.780017  0.0768148
2.790017  0.0758317
2.800017  0.07501
2.810017  0.074357
2.820017  0.0738794
2.830017  0.0735836
2.840017  0.0734758
2.850017  0.0735615
2.860017  0.0738458
2.870017  0.0743333
2.880017  0.075028
2.890017  0.0759333
2.900017  0.0770518
2.910017  0.0783857
2.920017  0.079936
2.930017  0.0817034
2.940017  0.0836874
2.950017  0.0858868
2.960017  0.0882994
2.970017  0.0909222
2.980017  0.0937511
2.990017  0.0967809
3.000017  0.100006
3.010017  0.103418
3.020017  0.107009
3.030017  0.110771
3.040017  0.114691
3.050017  0.118759
3.060017  0.122961
3.070017  0.127283
3.080017  0.131711
3.090017  0.136226
3.100017  0.140812
3.110017  0.145449
3.120017  0.150118
3.130017  0.154796
3.140017  0.159461
3.150017  0.16409
3.160017  0.168657
3.170017  0.173137
3.180017  0.177504
3.190017  0.181728
3.200016  0.185782
3.210016  0.189635
3.220016  0.193258
3.230016  0.196618
3.240016  0.199686
3.250016  0.202427
3.260016  0.20481
3.270016  0.206801
3.280016  0.208368
3.290016  0.209476
3.300016  0.210093
3.310016  0.210186
3.320016  0.209722
3.330016  0.208669
3.340016  0.206995
3.350016  0.20467
3.360016  0.201663
3.370016  0.197946
3.380016  0.193492
3.390016  0.188276
3.400016  0.182273
3.410016  0.175461
3.420016  0.167822
3.430016  0.159337
3.440016  0.149993
3.450016  0.139777
3.460016  0.128681
3.470016  0.116699
3.480016  0.103831
3.490016  0.0900785
3.500016  0.0754473
3.510016  0.0599484
3.520016  0.043597
3.530016  0.0264131
3.540016  0.00842187
3.550016  -0.0103464
3.560016  -0.029856
3.570016  -0.0500651
3.580016  -0.0709263
3.590016  -0.0923859
3.600016  -0.114384
3.610016  -0.136854
3.620016  -0.159722
3.630016  -0.182909
3.640016  -0.206327
3.650016  -0.229882
3.660016  -0.253473
3.670016  -0.276992
3.680016  -0.300322
3.690016  -0.323339
3.700016  -0.345915
3.710016  -0.36791
3.720016  -0.389179
3.730016  -0.409571
3.740016  -0.428927
3.750016  -0.44708
3.760016  -0.463858
3.770016  -0.479083
3.780016  -0.492571
3.790016  -0.50413
3.800016  -0.513567
3.810016  -0.520682
3.820016  -0.525271
3.830016  -0.527126
3.840016  -0.526039
3.850016  -0.521798
3.860016  -0.514189
3.870016  -0.502999
3.880016  -0.488015
3.890016  -0.469028
3.900016  -0.445828
3.910016  -0.418211
3.920016  -0.38598
3.930016  -0.348941
3.940016  -0.306911
3.950016  -0.259716
3.960016  -0.207193
3.970016  -0.149192
3.980016  -0.0855772
3.990016  -0.016231
4.000016  0.0589465
4.010016  0.140036
4.020016  0.227091
4.030016  0.320144
4.040017  0.419196
4.050017  0.52422
4.060017  0.635157
4.070017  0.751912
4.080018  0.874352
4.090018  1.0023
4.100018  1.13555
4.110018  1.27383
4.120018  1.41683
4.130019  1.56419
4.140019  1.71548
4.150019  1.87023
4.160019  2.0279
4.170020  2.18788
4.180020  2.34952
4.190020  2.51205
4.200020  2.67469
4.210021  2.83652
4.220021  2.99659
4.230021  3.15384
4.240021  3.30714
4.250021  3.45527
4.260022  3.59692
4.270022  3.73069
4.280022  3.85509
4.290022  3.96854
4.300023  4.06934
4.310023  4.15574
4.320023  4.22585
4.330023  4.2777
4.340024  4.30924
4.350024  4.3183
4.360024  4.30264
4.370024  4.25991
4.380024  4.18769
4.390025  4.08348
4.400025  3.94468
4.410025  3.76864
4.420025  3.55263
4.430026  3.29388
4.440026  2.98955
4.450026  2.63679
4.460026  2.2327
4.470026  1.77438
4.480027  1.25894
4.490027  0.683506
4.500027  0.0452364
4.510027  -0.658639
4.520028  -1.43081
4.530028  -2.27385
4.540028  -3.19021
4.550028  -4.18216
4.560029  -5.25175
4.570029  -6.40083
4.580029  -7.63093
4.590029  -8.94328
4.600029  -10.3387
4.610030  -11.8177
4.620030  -13.3802
4.630030  -15.0256
4.640030  -16.7527
4.650031  -18.5596
4.660031  -20.4437
4.670031  -22.4017
4.680031  -24.429
4.690032  -26.5205
4.700032  -28.6695
4.710032  -30.8684
4.720032  -33.1082
4.730032  -35.3784
4.740033  -37.6669
4.750033  -39.96
4.760033  -42.242
4.770033  -44.4952
4.780034  -46.6997
4.790034  -48.8333
4.800034  -50.8712
4.810034  -52.7856
4.820035  -54.5461
4.830035  -56.1188
4.840035  -57.4664
4.850035  -58.548
4.860035  -59.3185
4.870036  -59.7286
4.880036  -59.7246
4.890036  -59.2475
4.900036  -58.2334
4.910037  -56.6126
4.920037  -54.3094
4.930037  -51.2418
4.940037  -47.3209
4.950037  -42.4504
4.960038  -36.5263
4.970038  -29.4365
4.980038  -21.0598
4.990038  -11.2659


